1 0.09993105246487438 0.13877266387726642 0.08281578933553126 0.05439330543933057
1 0.09937894720263753 0.203626220362622 0.08391999986000503 0.052998605299860516
1 0.09772263141592688 0.3291492329149234 0.08060736828658376 0.05578800557880054
1 0.09772263141592688 0.39400278940027905 0.08281578933553126 0.05160390516039051
1 0.09827473667816378 0.4567642956764297 0.083919999860005 0.0543933054393306
1 0.09827473667816378 0.5209205020920503 0.08833684195790001 0.05439330543933053
1 0.09993105246487438 0.585076708507671 0.08723263143342626 0.04881450488145042
1 0.09717052615369003 0.7099023709902373 0.08612842090895245 0.06136680613668041
1 0.09772263141592688 0.7740585774058579 0.08281578933553126 0.05299860529986034
1 0.10103526298934813 0.8375174337517436 0.08281578933553126 0.05439330543933053
1 0.09993105246487438 0.9023709902370992 0.08060736828658376 0.06136680613668062
1 0.902139998495054 0.20292887029288706 0.08612842090895256 0.04881450488145049
1 0.9037963142817645 0.397489539748954 0.07839894723763621 0.06415620641562064
1 0.9049005248062383 0.4609483960948397 0.08060736828658378 0.05160390516039058
1 0.9043484195440012 0.5264993026499304 0.08612842090895256 0.06276150627615067
1 0.9043484195440015 0.585774058577406 0.07729473671316242 0.050209205020920536
1 0.9004836827083434 0.652022315202231 0.0783989472376362 0.05439330543933178
1 0.9026921037572907 0.7126917712691773 0.08944105248237377 0.05299860529986063
1 0.9043484195440015 0.8375174337517436 0.07950315776210999 0.059972105997210576
2 0.09717052615369003 0.2677824267782427 0.09496210510474253 0.055788005578800544
2 0.10048315772711128 0.6478382147838215 0.083919999860005 0.05439330543933053
2 0.8999315774461064 0.14295676429567647 0.09496210510474257 0.06555090655509063
2 0.9026921037572907 0.26499302649930273 0.0872326314334262 0.06973500697350073
2 0.9026921037572907 0.33124128312412837 0.08502421038447892 0.059972105997210576
2 0.9037963142817645 0.7761506276150629 0.08944105248237377 0.05439330543933053
2 0.9043484195440015 0.9051603905160391 0.08391999986000485 0.06136680613668077
0 0.5035199991600301 0.5209205020920503 0.09937894720263749 0.07112970711297066
