2 0.9381068258608917 0.6645746164574617 0.09205721188354545 0.0711297071129708
2 0.8997496542427479 0.3716875871687587 0.08548169674900649 0.06555090655509062
2 0.8279669473573641 0.36052998605299863 0.08438577755991673 0.07112970711297066
2 0.8887904623518496 0.8500697350069735 0.09205721188354545 0.07391910739191075
2 0.898105775459113 0.9435146443514644 0.08438577755991673 0.07112970711297066
2 0.9567374520754188 0.9463040446304045 0.052604121076311544 0.05160390516039058
2 0.8087883615482921 0.9170153417015342 0.08328985837082684 0.07391910739191075
2 0.7704311899301481 0.6659693165969317 0.08986537350536579 0.08228730822873082
2 0.7194709476374712 0.3863319386331938 0.09753680782899452 0.06136680613668062
2 0.6098790287284886 0.27266387726638774 0.09972864620717417 0.06834030683403068
2 0.7041280789902138 0.3430962343096235 0.09096129269445569 0.047419804741980515
2 0.5271371299522066 0.1799163179916318 0.09644088863990476 0.06973500697350071
2 0.5474116349503685 0.3472803347280335 0.0843857775599166 0.06415620641562061
2 0.48877995833406274 0.2733612273361227 0.08986537350536579 0.06136680613668062
2 0.3759002818578103 0.30543933054393363 0.11397559566534204 0.05857740585774056
2 0.6460443619684528 0.5892608089260808 0.08876945431627598 0.057182705718270554
2 0.5983718772430451 0.5446304044630399 0.08548169674900688 0.057182705718270326
2 0.5474116349503686 0.5013947001394697 0.08000210080355732 0.0543933054393307
2 0.4646697361740866 0.5 0.08986537350536587 0.06555090655509055
2 0.6285096549430156 0.6457461645746164 0.09534496945081486 0.06136680613668062
2 0.670702543722974 0.6785216178521618 0.07671434323628773 0.057182705718270485
2 0.6948127658829502 0.7754532775453278 0.09863272701808455 0.05299860529986063
2 0.7249505435829203 0.8807531380753139 0.08219393918173708 0.06276150627615067
2 0.7035801193956688 0.8905160390516039 0.09424905026172496 0.057182705718270485
2 0.6838535739920519 0.8528591352859135 0.09644088863990476 0.057182705718270485
2 0.538096321843105 0.8410041841004184 0.08328985837082684 0.050209205020920536
2 0.5901524833248718 0.8591352859135284 0.08219393918173701 0.04463040446304049
2 0.5693300187321649 0.7587168758716877 0.08438577755991673 0.07252440725244057
2 0.512342220899494 0.7566248256624826 0.0931531310726352 0.06555090655509062
2 0.3753523222632657 0.6743375174337518 0.08876945431627598 0.05997210599721072
2 0.3364471910505768 0.9205020920502092 0.09863272701808441 0.0808926080892607
2 0.32110432240331926 0.44351464435146437 0.09205721188354542 0.0585774058577406
2 0.33041963551058273 0.5815899581589958 0.09096129269445562 0.04184100418410047
2 0.3172686052415049 0.6178521617852162 0.08876945431627593 0.044630404463040424
2 0.5896045237303268 0.9365411436541143 0.08548169674900656 0.05160390516039044
2 0.3112410497015108 0.9518828451882846 0.08986537350536576 0.057182705718270624
2 0.20329300957616286 0.9149232914923292 0.09096129269445562 0.05857740585774053
2 0.12603070674533007 0.9309623430962343 0.07671434323628787 0.057182705718270485
2 0.046576565536317636 0.9086471408647141 0.0734265856690184 0.06276150627615067
2 0.16164808039074946 0.8082287308228732 0.09315313107263527 0.06276150627615026
2 0.3095971709178762 0.7635983263598319 0.0909612926944556 0.06555090655509142
2 0.17863482782164175 0.7259414225941421 0.08767353512718615 0.0655509065550905
2 0.23562262565431266 0.7580195258019526 0.08328985837082677 0.04881450488145059
2 0.031233696889060098 0.710599721059973 0.06027555539994054 0.057182705718270777
2 0.04602860594177272 0.6101813110181311 0.08767353512718615 0.057182705718270485
2 0.24877365592339068 0.4881450488145049 0.08328985837082684 0.05578800557880058
2 0.16164808039074946 0.43375174337517436 0.08219393918173701 0.04463040446304049
2 0.15123684809439608 0.3716875871687587 0.08986537350536579 0.057182705718270554
2 0.11123579769261742 0.23919107391910735 0.08438577755991665 0.0543933054393305
2 0.04054900999632359 0.34797768479776847 0.07671434323628787 0.057182705718270554
2 0.040001050401778676 0.4463040446304045 0.07561842404719804 0.06415620641562064
2 0.11671539363806654 0.45188284518828453 0.0690429089126591 0.06694560669456073
2 0.1884981005234502 0.45397489539748953 0.06794698972356927 0.05160390516039044
2 0.20603280754888742 0.4142259414225941 0.08328985837082684 0.05857740585774053
2 0.40713397874687063 0.9867503486750349 0.08657761593809632 0.023709902370990365
2 0.5364524430594702 0.9846582984658299 0.10849599971989278 0.027894002789400362
2 0.6531678366975368 0.9846582984658298 0.08109801999264725 0.025104602510460126
1 0.31781656483604975 0.5341701534170152 0.08109801999264722 0.09205020920502087
0 0.8526251291118853 0.18967921896792192 0.10301640377444386 0.09762900976290098
