1 0.10336373952892053 0.1387726638772664 0.08269099162313644 0.057182705718270575
1 0.10173168048372705 0.20432357043235705 0.0816029522596741 0.05718270571827059
1 0.10390775921065165 0.26987447698744776 0.08813118844044796 0.0599721059972106
1 0.10064364112026473 0.33333333333333337 0.0816029522596741 0.05299860529986052
1 0.10064364112026473 0.45606694560669453 0.07725079480582482 0.06973500697350069
1 0.10227570016545819 0.5223152022315198 0.07833883416928714 0.05160390516039005
1 0.1011876608019959 0.6471408647140865 0.0848670703500611 0.06136680613668055
1 0.10064364112026473 0.900976290097629 0.09030726716737267 0.05857740585774067
1 0.8938243370842972 0.200836820083682 0.08377903098659871 0.050209205020920536
1 0.897088455174684 0.2649930264993026 0.07942687353274948 0.05299860529986049
1 0.897088455174684 0.33054393305439334 0.08595510971352326 0.058577405857740565
1 0.8949123764477593 0.39121338912133896 0.08160295225967402 0.057182705718270554
1 0.8960004158112218 0.45606694560669453 0.08377903098659871 0.05020920502092047
1 0.8943683567660282 0.5829846582984658 0.08269099162313637 0.0585774058577406
1 0.8960004158112218 0.6457461645746164 0.08377903098659871 0.06415620641562064
1 0.8960004158112217 0.7105997210599722 0.08595510971352326 0.05439330543933053
1 0.897088455174684 0.8368200836820084 0.0772507948058248 0.06136680613668062
1 0.8970884551746842 0.9023709902370983 0.081602952259674 0.05857740585774216
2 0.10608383793757635 0.39539748953974896 0.09030726716737268 0.057182705718270554
2 0.10281971984718939 0.5815899581589958 0.0903072671673727 0.06415620641562064
2 0.1039077592106517 0.7119944211994422 0.08813118844044805 0.05997210599721072
2 0.10281971984718939 0.7740585774058577 0.0903072671673727 0.06136680613668062
2 0.10499579857411401 0.8396094839609484 0.09465942462122197 0.05020920502092039
2 0.8949123764477593 0.13598326359832635 0.09030726716737263 0.06276150627615064
2 0.897088455174684 0.5188284518828452 0.09248334589429731 0.06694560669456066
2 0.8949123764477593 0.7733612273361227 0.0859551097135234 0.059972105997210576
0 0.4988660481474744 0.5160390516039052 0.09901158207507123 0.06973500697350075
