1 0.10495899165261555 0.13668061366806136 0.08374966173317511 0.055788005578800544
1 0.10767813651408228 0.20223152022315197 0.08918795145610856 0.05578800557880055
1 0.10495899165261557 0.2670850767085076 0.08157434584400175 0.048814504881450456
1 0.10223984679114885 0.3284518828451883 0.08701263556693518 0.05160390516039051
1 0.10495899165261555 0.3947001394700139 0.08374966173317511 0.05578800557880051
1 0.10495899165261559 0.4581589958158996 0.07722371406565498 0.05160390516039051
1 0.10495899165261557 0.5188284518828452 0.08157434584400175 0.05020920502092047
1 0.10822196548637564 0.6485355648535566 0.08810029351152188 0.05578800557880051
1 0.10495899165261557 0.7119944211994422 0.07939902995482835 0.05160390516039044
1 0.10659047856949559 0.7768479776847976 0.09136326734528194 0.05857740585774067
1 0.10223984679114889 0.837517433751743 0.09136326734528201 0.054393305439330505
1 0.10223984679114885 0.9037656903765691 0.0848373196777618 0.05299860529986063
1 0.8984054622286061 0.13947001394700131 0.080486687899415 0.05299860529986042
1 0.8967739753117258 0.203626220362622 0.08810029351152181 0.058577405857740565
1 0.8984054622286058 0.26429567642956764 0.08918795145610858 0.0543933054393305
1 0.8984054622286058 0.33124128312412837 0.08048668789941502 0.05160390516039051
1 0.8989492912008992 0.39330543933054385 0.08374966173317518 0.05020920502092047
1 0.8978616332563125 0.4581589958158996 0.09245092528986873 0.05439330543933053
1 0.8984054622286058 0.5202231520223153 0.08918795145610858 0.05578800557880058
1 0.8973178042840192 0.5850767085076708 0.08918795145610858 0.057182705718270624
1 0.8956863173671391 0.6499302649930265 0.09245092528986873 0.0585774058577406
1 0.8989492912008993 0.7147838214783819 0.09897687295738924 0.05718270571827071
1 0.9011246070900725 0.902370990237099 0.08592497762234856 0.05857740585774067
2 0.10767813651408228 0.5857740585774058 0.09353858323445532 0.06415620641562064
2 0.8994931201731924 0.7789400278940027 0.09136326734528197 0.06276150627615067
2 0.9005807781177793 0.8410041841004184 0.09571389912362861 0.05578800557880058
0 0.5035856283436374 0.5209205020920501 0.11311642623701573 0.08228730822873082
