1 0.09622383628070655 0.30474198047419804 0.051685946345065244 0.10739191073919105
1 0.14845963311880436 0.3075313807531381 0.04178863747047824 0.10181311018131098
1 0.19904587847780436 0.3054393305439331 0.03958923549834786 0.1087866108786611
1 0.24798257235770657 0.3054393305439331 0.04068893648441303 0.10320781032078105
1 0.29801896722367394 0.3082287308228731 0.043988039442608894 0.11157601115760121
1 0.39864160744864136 0.3068340306834031 0.04728714240080436 0.11994421199442122
1 0.4481281518215762 0.3054393305439331 0.042888338456543454 0.11436541143654115
1 0.4981645466875435 0.3061366806136681 0.04178863747047828 0.11297071129707109
1 0.5982373364194784 0.3054393305439331 0.046187441414739044 0.11436541143654115
1 0.6493734322715115 0.3054393305439331 0.04728714240080357 0.11715481171548127
1 0.6988599766444458 0.30404463040446306 0.04068893648441303 0.11436541143654118
1 0.8005823178554783 0.3075313807531381 0.04178863747047814 0.10181311018131098
1 0.902304659066511 0.30822873082287316 0.04508774042867385 0.11994421199442108
1 0.09622383628070655 0.7301255230125523 0.04948654437293479 0.11297071129707106
1 0.19904587847780436 0.7364016736401673 0.0483868433868696 0.10599721059972098
1 0.3002183691958044 0.730125523012552 0.05058624535899989 0.10739191073919127
1 0.4492278528076414 0.7308228730822873 0.04728714240080436 0.10320781032078102
1 0.4998140981666414 0.731520223152022 0.04948654437293461 0.10739191073919213
1 0.5515000445117066 0.7294281729428173 0.04068893648441303 0.11157601115760102
1 0.6488235817784783 0.7287308228730823 0.04398803944260877 0.09902370990237103
1 0.6966605746723152 0.7322175732217573 0.04728714240080436 0.09762900976290098
1 0.7499960724964787 0.7336122733612281 0.048386843386868515 0.10878661087866023
1 0.8016820188415437 0.7315202231520224 0.04178863747047828 0.11018131101813111
1 0.8506187127214457 0.7308228730822873 0.04728714240080436 0.10320781032078102
1 0.902304659066511 0.7350069735006974 0.04288833845654352 0.11157601115760102
2 0.3458559601175109 0.3054393305439331 0.05168594634506519 0.1087866108786611
2 0.5465513900744132 0.30683403068340304 0.0527856473311305 0.11157601115760113
2 0.7483465210173804 0.31032078103207816 0.04728714240080436 0.12133891213389124
2 0.8478694602562828 0.3082287308228731 0.05058624535899994 0.1199442119944212
2 0.14900948361183697 0.7301255230125523 0.0450877404286739 0.11576011157601115
2 0.24853242285073918 0.7294281729428173 0.05498504930326089 0.1227336122733611
2 0.3469556611035762 0.7308228730822873 0.051685946345065265 0.11715481171548106
2 0.3958923549834783 0.7308228730822873 0.046187441414739114 0.11715481171548106
0 0.49706484570147835 0.5195258019525802 0.09457428480160879 0.06276150627615067
2 0.5954880839543153 0.7287308228730822 0.04948654437293484 0.12412831241283129
