1 0.1009320636512588 0.14156206415620642 0.09094977164179366 0.05997210599721061
1 0.09982292009465155 0.2078103207810321 0.09760463298143708 0.06136680613668062
1 0.09760463298143708 0.2698744769874477 0.08429491030215022 0.04881450488145049
1 0.1009320636512588 0.3382147838214784 0.08873148452857917 0.057182705718270624
1 0.09926834831634794 0.39539748953974896 0.078749192519114 0.05160390516039051
1 0.10204120720786605 0.45746164574616444 0.0887314845285792 0.05020920502092045
1 0.09871377653804433 0.5209205020920502 0.09316805875500812 0.06276150627615067
1 0.09649548942482983 0.5829846582984658 0.08873148452857915 0.0585774058577406
1 0.10204120720786605 0.6520223152022318 0.08429491030215018 0.0571827057182704
1 0.1009320636512588 0.7112970711297072 0.07985833607572125 0.05020920502092039
1 0.09815920475974071 0.7740585774058577 0.08762234097197194 0.06136680613668062
1 0.09926834831634795 0.8340306834030684 0.0809674796323285 0.05299860529986049
1 0.8972971372952568 0.14156206415620642 0.08651319741536469 0.05439330543933053
1 0.8984062808518641 0.2705718270571827 0.08429491030215018 0.055788005578800544
1 0.895633421960346 0.3319386331938633 0.08984062808518643 0.0502092050209205
1 0.8995154244084713 0.396792189679219 0.07985833607572118 0.05439330543933053
1 0.8984062808518641 0.4581589958158996 0.08207662318893569 0.04881450488145042
1 0.8972971372952568 0.5202231520223153 0.07985833607572118 0.050209205020920536
1 0.8984062808518641 0.5829846582984658 0.07764004896250669 0.050209205020920536
1 0.8989608526301677 0.6478382147838215 0.08540405385875743 0.04602510460251047
1 0.8972971372952568 0.7712691771269177 0.08207662318893569 0.047419804741980445
1 0.9000699961867751 0.8340306834030677 0.08762234097197191 0.050209205020920515
1 0.8961879937386495 0.895397489539749 0.08429491030215018 0.05578800557880044
2 0.10204120720786605 0.897489539748954 0.09316805875500812 0.06276150627615067
2 0.900069996186775 0.2078103207810321 0.09427720231161545 0.06136680613668062
2 0.8984062808518644 0.7078103207810322 0.09094977164179309 0.06276150627615036
0 0.5063240335912048 0.5216178521617852 0.09427720231161577 0.07252440725244035
