1 0.10056448836068825 0.3054393305439331 0.04506168330916085 0.10320781032078105
1 0.15167103162595608 0.31380753138075307 0.0439626178625959 0.11436541143654136
1 0.2478392582003847 0.3068340306834031 0.04066542152290129 0.10878661087866114
1 0.30114393235878223 0.30683403068340304 0.041764486969466184 0.10320781032078098
1 0.3489532792843552 0.3082287308228731 0.04066542152290124 0.11436541143654116
1 0.4000598225496232 0.3075313807531381 0.043962617862595935 0.10460251046025103
1 0.450067300368326 0.3082287308228731 0.04066542152290126 0.1087866108786611
1 0.49842618001718164 0.30613668061366806 0.045061683309160896 0.09902370990237096
1 0.7001046894618405 0.3075313807531381 0.048358879648855574 0.11576011157601113
1 0.7506617000038261 0.31032078103207794 0.0395663560763363 0.10460251046025139
1 0.798471046929399 0.301255230125523 0.04286355241603104 0.11436541143654111
1 0.9017831989064993 0.30404463040446306 0.0494579450954204 0.11994421199442122
1 0.10111402108397069 0.7280334728033473 0.04835887964885554 0.10878661087866107
1 0.15112149890267357 0.7329149232914923 0.03846729062977147 0.11297071129707106
1 0.24948785637023202 0.7301255230125523 0.04616074875572572 0.11576011157601115
1 0.3500523447309203 0.7294281729428173 0.045061683309160896 0.11157601115760102
1 0.3973121589332109 0.7294281729428173 0.04286355241603111 0.11436541143654111
1 0.4962280491240518 0.7301255230125523 0.04286355241603104 0.11297071129707106
1 0.5478841251126021 0.7301255230125523 0.04286355241603111 0.1185495118549511
1 0.6484486134732902 0.7301255230125523 0.043962617862595865 0.10739191073919116
1 0.6995551567385582 0.7329149232914923 0.04066542152290126 0.10181311018131112
1 0.7468149709408487 0.7287308228730823 0.04286355241603104 0.09902370990237103
1 0.800119645099246 0.7287308228730828 0.046160748755725935 0.11297071129706972
1 0.8506766556412316 0.7301255230125523 0.048358879648855435 0.10460251046025107
2 0.1983813131049642 0.3103207810320781 0.04286355241603104 0.11018131101813107
2 0.5462355269427547 0.3124128312412831 0.052755141435115005 0.11157601115760109
2 0.59679253748474 0.3089260808926079 0.0461607487557258 0.11018131101813113
2 0.6495476789198551 0.3075313807531381 0.04616074875572579 0.11576011157601113
2 0.8457308611316896 0.3110181311018131 0.04725981420229061 0.11994421199442126
2 0.19728224765839933 0.7294281729428173 0.04725981420229061 0.11157601115760102
2 0.29949533418893487 0.7280334728033473 0.047259814202290674 0.11157601115760107
2 0.4500673003683261 0.7287308228730822 0.04945794509542047 0.11576011157601115
2 0.59679253748474 0.7343096234309624 0.054953272328244936 0.12691771269177124
0 0.4978766472938991 0.5237099023709902 0.0879252357251921 0.05439330543933081
2 0.8990355352900872 0.7259414225941424 0.043962617862596004 0.11576011157601115
