1 0.1017904745985231 0.14086471408647142 0.08913544262140942 0.06415620641562064
1 0.1017904745985231 0.203626220362622 0.08913544262140942 0.05299860529986052
1 0.10289091216175038 0.2649930264993026 0.08253281724204577 0.05299860529986049
1 0.10124025581690947 0.39539748953974896 0.08363325480527303 0.057182705718270554
1 0.10344113094336403 0.4553695955369595 0.0902358801846367 0.059972105997210645
1 0.09903938069045491 0.5174337517433751 0.08803500505818214 0.05857740585774053
1 0.1056420060698186 0.6457461645746164 0.08803500505818217 0.06415620641562064
1 0.10013981825368219 0.714086471408647 0.0902358801846367 0.05857740585774067
1 0.10234069338013675 0.7789400278940027 0.08583412993172759 0.057182705718270624
1 0.10454156850659131 0.8410041841004184 0.09023588018463671 0.05578800557880058
1 0.10124025581690947 0.9037656903765691 0.0902358801846367 0.05578800557880058
1 0.8996077079382988 0.1401673640167364 0.08693456749495482 0.06276150627615064
1 0.9001579267199125 0.20571827057182707 0.08803500505818221 0.05439330543933053
1 0.8996077079382988 0.26569037656903766 0.08693456749495482 0.057182705718270554
1 0.9018085830647532 0.3298465829846583 0.0913363177478638 0.05439330543933039
1 0.8990574891566852 0.3940027894002789 0.08803500505818207 0.05160390516039051
1 0.8990574891566853 0.4588563458856346 0.09463763043754597 0.06415620641562064
1 0.8985072703750716 0.5237099023709902 0.08473369236850033 0.0627615062761506
1 0.8985072703750718 0.5878661087866107 0.08473369236849998 0.0599721059972107
1 0.9018085830647533 0.6464435146443515 0.0825328172420457 0.05439330543933067
1 0.902358801846367 0.7092050209205021 0.08363325480527309 0.05160390516039044
1 0.9029090206279805 0.8375174337517433 0.08033194211559115 0.057182705718270936
1 0.9001579267199125 0.903068340306834 0.09243675531109133 0.05160390516039058
2 0.10179047459852311 0.3319386331938633 0.09353719287431854 0.061366806136680586
2 0.10234069338013675 0.5815899581589958 0.08363325480527303 0.0585774058577406
2 0.9023588018463669 0.7782426778242676 0.09023588018463666 0.06694560669456051
0 0.5062012790845474 0.5216178521617852 0.11004375632272761 0.08368200836820094
