1 0.09846496357320443 0.3075313807531381 0.049507523584292716 0.10181311018131098
1 0.15017282153902126 0.3075313807531381 0.04290652043972036 0.10460251046025103
1 0.20243076310021912 0.3068340306834031 0.04620702201200654 0.10878661087866114
1 0.2519382866845119 0.31241283124128316 0.04180635324895832 0.11715481171548124
1 0.2992454758872805 0.3089260808926081 0.04400668763048245 0.11297071129707113
1 0.34875299947157323 0.3103207810320781 0.04180635324895832 0.11854951185495122
1 0.45051846461706363 0.3075313807531381 0.04070618605819623 0.10460251046025112
1 0.49782565381983246 0.3075313807531381 0.04730718920276864 0.11018131101813111
1 0.5973907845837989 0.3082287308228731 0.04400668763048238 0.11157601115760116
1 0.6446979737865675 0.31241283124128316 0.04180635324895825 0.10320781032078105
1 0.8482289040775488 0.3082287308228731 0.04180635324895832 0.11157601115760116
1 0.8949860096849364 0.3075313807531381 0.04290652043972031 0.10739191073919113
1 0.10066529795472856 0.7266387726638773 0.04290652043972036 0.11157601115760116
1 0.15292323951592643 0.7315202231520224 0.044006687630482426 0.10181311018131112
1 0.20078051231407593 0.7315202231520225 0.036305517295148006 0.11297071129707098
1 0.24918786870760676 0.7294281729428173 0.04290652043972038 0.11157601115760102
1 0.30089572667342357 0.7336122733612274 0.040706186058196286 0.10878661087866107
1 0.35040325025771635 0.7308228730822873 0.04510685482124451 0.10041841004184107
1 0.399910773842009 0.7287308228730823 0.047307189202768635 0.11018131101813118
1 0.45216871540320697 0.7322175732217573 0.04180635324895825 0.10878661087866107
1 0.5000259882013566 0.7273361227336124 0.04290652043972031 0.1129707112970712
1 0.5973907845837989 0.7280334728033473 0.04400668763048238 0.11157601115760116
1 0.6490986425496158 0.7294281729428173 0.04180635324895825 0.10320781032078102
1 0.6986061661339086 0.7315202231520224 0.04180635324895832 0.10181311018131112
1 0.7481136897182012 0.7322175732217573 0.03960601886743433 0.10878661087866107
1 0.7981712968978749 0.7287308228730822 0.04070618605819632 0.10739191073919116
1 0.8476788204821678 0.7287308228730823 0.04290652043972045 0.11018131101813111
1 0.8999367620433657 0.7329149232914923 0.04620702201200643 0.1185495118549511
2 0.39771043946048495 0.3096234309623431 0.04510685482124444 0.10599721059972105
2 0.5467830938087441 0.3117154811715481 0.05060769077505476 0.11854951185495124
2 0.6980560825385276 0.3110181311018131 0.04730718920276871 0.11436541143654115
2 0.7481136897182012 0.3117154811715481 0.0440066876304823 0.11854951185495124
2 0.797621213302494 0.3082287308228731 0.04180635324895832 0.1199442119944212
2 0.5478832609995062 0.7301255230125523 0.04180635324895838 0.11297071129707105
0 0.4972755702244514 0.5230125523012552 0.11661772222077843 0.08926080892608092
