1 0.09921799648896382 0.3089260808926081 0.05152757828708618 0.12412831241283129
1 0.14855291187021658 0.3103207810320781 0.04056426375791892 0.11297071129707117
1 0.19953232443084437 0.3075313807531381 0.04166059521083564 0.11576011157601113
1 0.29820215519334986 0.3110181311018131 0.046045921022502545 0.1171548117154812
1 0.34918156775397763 0.3110181311018131 0.047142252475419255 0.10599721059972107
1 0.3996128145881471 0.3096234309623431 0.04056426375791886 0.100418410041841
1 0.49773447962419426 0.3124128312412831 0.0438532581166691 0.11157601115760109
1 0.5465212292789886 0.3117154811715481 0.03837160085208531 0.10460251046025107
1 0.5985969732925331 0.3103207810320781 0.04385325811666903 0.11018131101813107
1 0.6479318886737859 0.3117154811715481 0.04604592102250251 0.11018131101813111
1 0.697814969781497 0.31311018131101814 0.04494958956958584 0.11297071129707113
1 0.7471498851627497 0.3117154811715481 0.04494958956958584 0.11018131101813111
1 0.7953884690910857 0.31241283124128316 0.04494958956958584 0.1087866108786611
1 0.8491087102840054 0.3110181311018131 0.05152757828708616 0.10599721059972107
1 0.8978954599387997 0.3165969316596932 0.04604592102250251 0.10878661087866114
1 0.09976616221542219 0.7377963737796374 0.048238583928336 0.11157601115760113
1 0.14910107759667487 0.7357043235704324 0.03727526939916876 0.10181311018131112
1 0.19679149579855257 0.7308228730822873 0.047142252475419255 0.11715481171548106
1 0.2483190740856388 0.7384937238493723 0.04275692666375239 0.11297071129707106
1 0.3020393152785584 0.7357043235704324 0.04714225247541929 0.11018131101813111
1 0.3508260649333528 0.7364016736401673 0.04385325811666903 0.10320781032078116
1 0.49992714253002773 0.7350069735006974 0.04823858392833607 0.10599721059972111
1 0.6490282201267027 0.7336122733612271 0.046045921022501754 0.10599721059972148
1 0.7487943823421247 0.7336122733612274 0.048238583928336 0.10599721059972111
1 0.7992256291762942 0.7322175732217573 0.04385325811666903 0.10878661087866107
1 0.848560544557547 0.7329149232914923 0.04166059521083568 0.10181311018131112
1 0.8973472942123414 0.7308228730822873 0.04275692666375235 0.10878661087866107
2 0.24557824545334694 0.3103207810320781 0.05043124683416948 0.11018131101813107
2 0.44949589569585824 0.3131101813110181 0.05043124683416948 0.11854951185495115
2 0.3996128145881471 0.7329149232914923 0.047142252475419255 0.11018131101813111
2 0.4489477299693999 0.7336122733612274 0.049334915381252745 0.1171548117154812
2 0.5465212292789886 0.7322175732217573 0.044949589569585766 0.11715481171548106
2 0.5991451390189916 0.7308228730822873 0.047142252475419394 0.11994421199442115
0 0.4993789768035692 0.5285913528591352 0.1085368138387564 0.08647140864714106
2 0.6939778096962884 0.7336122733612274 0.04604592102250251 0.1227336122733611
