1 0.10111662854254704 0.13668061366806136 0.09350569951246285 0.058577405857740586
1 0.10437845526972599 0.20292887029288703 0.08480749490665235 0.059972105997210576
1 0.1005729907546839 0.26569037656903766 0.08806932163383129 0.057182705718270554
1 0.09948571517895757 0.396792189679219 0.08589477048237866 0.05439330543933053
1 0.1016602663304102 0.4588563458856346 0.09024387278528391 0.06415620641562064
1 0.09839843960323126 0.6513249651324966 0.08154566817947341 0.05578800557880058
1 0.10002935296682072 0.7126917712691769 0.07828384145229447 0.05578800557880058
1 0.10111662854254704 0.7782426778242677 0.08480749490665236 0.05578800557880058
1 0.10002935296682072 0.8417015341701535 0.09350569951246285 0.059972105997210576
1 0.0978548018153681 0.9037656903765691 0.08263294375519972 0.05578800557880058
1 0.8953714366106182 0.14156206415620642 0.08372021933092612 0.057182705718270554
1 0.895371436610618 0.203626220362622 0.08589477048237867 0.04741980474198048
1 0.8970023499742075 0.26359832635983266 0.08915659720955758 0.05299860529986049
1 0.8959150743984813 0.4581589958158996 0.0826329437551999 0.05439330543933053
1 0.8975459877620707 0.5237099023709902 0.08372021933092597 0.04881450488145049
1 0.8975459877620707 0.5850767085076708 0.08806932163383124 0.05439330543933053
1 0.8953714366106182 0.7168758716875872 0.08372021933092612 0.05578800557880044
1 0.8970023499742075 0.7796373779637378 0.08698204605810489 0.05578800557880058
1 0.8970023499742078 0.9072524407252439 0.08480749490665207 0.054393305439331456
2 0.09948571517895757 0.33124128312412837 0.09241842393673654 0.06555090655509069
2 0.09785480181536808 0.5223152022315203 0.0804583926037471 0.057182705718270624
2 0.1005729907546839 0.5850767085076708 0.08589477048237867 0.059972105997210576
2 0.8964587121863445 0.3319386331938633 0.09241842393673651 0.06694560669456066
2 0.898089625549934 0.396792189679219 0.08480749490665218 0.059972105997210576
2 0.8937405232470287 0.6513249651324965 0.08698204605810503 0.06136680613668055
2 0.8975459877620707 0.8423988842398884 0.08589477048237867 0.05857740585774067
0 0.4974285758947879 0.5160390516039051 0.10329117969399966 0.06694560669456073
