1 0.10018971386990305 0.3117154811715481 0.042703812469139006 0.101813110181311
1 0.15165328274296802 0.3082287308228731 0.04708369067110199 0.11157601115760116
1 0.2507480270623803 0.3054393305439331 0.04160884291864828 0.10320781032078105
1 0.30166411116019987 0.30683403068340304 0.04489375157012045 0.10320781032078098
1 0.35039025615703795 0.3110181311018129 0.04598872112061143 0.1115760111576014
1 0.39911640115387614 0.30404463040446295 0.038323934267176084 0.11157601115760113
1 0.44674757660022346 0.30683403068340304 0.041608842918648324 0.11157601115760113
1 0.49985359979902455 0.3089260808926081 0.04489375157012049 0.11297071129707113
1 0.5507696838968441 0.3075313807531381 0.041608842918648324 0.12412831241283126
1 0.648769458665766 0.3054393305439332 0.04489375157012019 0.11157601115760071
1 0.6985905732130945 0.30683403068340304 0.04379878201962981 0.10599721059972107
1 0.7473167182099325 0.3089260808926081 0.04489375157012049 0.11297071129707113
1 0.7982328023077523 0.3110181311018131 0.04598872112061116 0.11436541143654115
1 0.849696371180817 0.30822873082287316 0.04817866022159337 0.1115760111576011
1 0.09964222909465768 0.7301255230125523 0.041608842918648276 0.10460251046025107
1 0.15055831319247726 0.7287308228730822 0.0405138733681575 0.11854951185495124
1 0.2025693668407876 0.7287308228730822 0.04160884291864825 0.10739191073919116
1 0.24746311841090807 0.7308228730822873 0.04379878201962978 0.11157601115760116
1 0.3011166263849545 0.7287308228730823 0.04379878201962978 0.11018131101813111
1 0.34874780183130183 0.7280334728033472 0.04270381246913907 0.10599721059972111
1 0.40021137070436646 0.7294281729428175 0.0427038124691397 0.1087866108786605
1 0.44729506137546876 0.7294281729428173 0.04270381246913907 0.1171548117154812
1 0.5480322600206172 0.7301255230125523 0.04489375157012041 0.11018131101813095
1 0.5973058897927007 0.7287308228730822 0.04489375157012041 0.11576011157601115
1 0.6482219738905204 0.7301255230125523 0.04160884291864818 0.11018131101813111
1 0.7489591725356688 0.7329149232914923 0.04160884291864818 0.10460251046025107
1 0.7982328023077523 0.7301255230125523 0.041608842918648324 0.10460251046025107
2 0.19928445818931537 0.30962343096234307 0.04817866022159272 0.11157601115760113
2 0.5994958288936821 0.3068340306834031 0.04708369067110191 0.11436541143654115
2 0.8967800618519192 0.3103207810320781 0.04817866022159279 0.11576011157601115
2 0.4976636606980431 0.7308228730822873 0.049273629772083466 0.12273361227336124
2 0.6980430884378492 0.7266387726638771 0.049273629772083466 0.11994421199442129
2 0.8469589473045903 0.7308228730822873 0.05365350797404645 0.11436541143654111
2 0.8967800618519192 0.7287308228730822 0.04817866022159279 0.12412831241283129
0 0.5004010845742699 0.5216178521617851 0.09635732044318544 0.06973500697350069
