1 0.10396579952701472 0.3082287308228731 0.04290652043972036 0.1087866108786611
1 0.1540234067066885 0.3096234309623431 0.04180635324895832 0.10599721059972105
1 0.20298084669560018 0.3103207810320781 0.04070618605819625 0.10739191073919109
1 0.2530384538752739 0.30753138075313835 0.037405684485910015 0.1101813110181305
1 0.30309606105494774 0.3110181311018131 0.04290652043972038 0.11157601115760113
1 0.40046085743739007 0.3068340306834031 0.03960601886743419 0.11436541143654115
1 0.45051846461706385 0.3096234309623431 0.04510685482124444 0.11436541143654118
1 0.49727557022445146 0.3068340306834031 0.04180635324895832 0.11436541143654115
1 0.599591118965323 0.3082287308228731 0.04840735639353064 0.1087866108786611
1 0.6501988097403779 0.3117154811715481 0.04400668763048238 0.101813110181311
1 0.7013565841108138 0.3089260808926081 0.04510685482124458 0.101813110181311
1 0.7486637733135822 0.3117154811715481 0.04290652043972031 0.11018131101813111
1 0.8003716312793995 0.31171548117154835 0.04510685482124441 0.11018131101813086
1 0.8504292384590729 0.3089260808926081 0.04180635324895832 0.10739191073919105
1 0.8999367620433657 0.31450488145048816 0.03960601886743419 0.10739191073919105
1 0.15292323951592643 0.7308228730822873 0.03960601886743419 0.10599721059972111
1 0.20298084669560018 0.7301255230125523 0.04510685482124444 0.10739191073919116
1 0.3014458102688046 0.7294281729428169 0.04620702201200659 0.10320781032078118
1 0.39991077384200907 0.7329149232914923 0.04070618605819625 0.10460251046025107
1 0.45216871540320697 0.7315202231520224 0.04180635324895825 0.11018131101813111
1 0.5495335117856492 0.7315202231520224 0.04290652043972045 0.1129707112970712
1 0.599041035369942 0.7315202231520224 0.04290652043972031 0.10739191073919102
1 0.6518490605265209 0.7336122733612274 0.04510685482124444 0.10320781032078102
1 0.7008065005154326 0.7322175732217566 0.044006687630482745 0.10041841004184224
1 0.7503140240997255 0.7315202231520224 0.04400668763048245 0.10460251046025107
1 0.799271464088637 0.7301255230125523 0.04290652043972045 0.10460251046025107
1 0.8515294056498349 0.7350069735006974 0.04180635324895832 0.11157601115760102
1 0.899386678447984 0.7308228730822874 0.04510685482124444 0.1115760111576012
2 0.3526035846392404 0.3096234309623431 0.04730718920276857 0.1087866108786611
2 0.5489834281902685 0.31101813110181303 0.05500835953810237 0.11157601115760124
2 0.10286563233625266 0.7301255230125527 0.05610852672886514 0.11854951185495059
2 0.25083811949374984 0.7273361227336121 0.04400668763048241 0.11576011157601115
2 0.3531536682346214 0.7266387726638771 0.04840735639353064 0.11994421199442129
0 0.5022263225828807 0.5195258019525801 0.09131387683325101 0.07391910739191075
2 0.5027764061782617 0.7322175732217573 0.05060769077505469 0.1255230125523012
