1 0.14950039166236795 0.30264993026499304 0.04457829860477883 0.1171548117154812
1 0.1978841547821888 0.30404463040446306 0.04349102302905248 0.11994421199442122
1 0.2517042957806413 0.30613668061366806 0.04022919630187349 0.12412831241283122
1 0.29845714553687275 0.303347280334728 0.04022919630187356 0.11018131101813107
1 0.34901545980814624 0.3061366806136681 0.043491023029052514 0.1157601115760112
1 0.4001174118672829 0.3033472803347281 0.04784012533195771 0.1157601115760112
1 0.44795753719924064 0.3033472803347281 0.04131647187759995 0.1157601115760112
1 0.49851585147051414 0.3033472803347281 0.0402291963018736 0.10739191073919105
1 0.5490741657417877 0.3061366806136681 0.03914192072614725 0.11297071129707109
1 0.5980015666494718 0.3061366806136681 0.043491023029052514 0.11297071129707109
1 0.6474726053450189 0.3061366806136681 0.04022919630187346 0.11297071129707109
1 0.6969436440405662 0.3075313807531381 0.03914192072614725 0.09902370990237098
1 0.7496765094632923 0.3033472803347281 0.0402291963018736 0.10739191073919105
1 0.7986039103709766 0.3054393305439331 0.04240374745332641 0.11715481171548119
1 0.8475313112786604 0.304044630404463 0.038054645150421035 0.10878661087866102
1 0.8970023499742075 0.30474198047419804 0.043491023029052514 0.11576011157601115
1 0.09948571517895756 0.7301255230125523 0.051101952059136646 0.1213389121338912
1 0.15330585617741002 0.7329149232914923 0.04784012533195774 0.10460251046025107
1 0.20005870593364145 0.7308228730822873 0.043491023029052514 0.11436541143654111
1 0.25061702020491494 0.7322175732217573 0.042403747453326125 0.10599721059972098
1 0.3000880589004622 0.7308228730822873 0.04784012533195778 0.11157601115760116
1 0.40120468744300924 0.7301255230125523 0.043491023029052445 0.11576011157601115
1 0.4495884505628301 0.7322175732217573 0.04240374745332616 0.11715481171548106
1 0.4974285758947879 0.7350069735006974 0.04022919630187353 0.11436541143654111
1 0.5496178035296508 0.7322175732217571 0.04457829860477879 0.10599721059972088
1 0.6012633933766507 0.7370990237099025 0.04566557418050508 0.11854951185495124
1 0.6491035187086084 0.7294281729428173 0.04131647187759988 0.1087866108786612
1 0.7002054707677451 0.7357043235704325 0.03914192072614725 0.11576011157601115
1 0.7502201472511555 0.7350069735006974 0.05001467648341034 0.11436541143654111
1 0.7986039103709763 0.7350069735006974 0.04022919630187346 0.10320781032078102
2 0.09839843960323126 0.30474198047419804 0.04892740090768405 0.11576011157601115
2 0.34955909759600945 0.7315202231520224 0.04457829860477879 0.1185495118549511
2 0.8497058624301129 0.7336122733612274 0.04892740090768413 0.11994421199442115
2 0.8986332633377971 0.7370990237099025 0.04457829860477887 0.12970711297071133
0 0.5028649537734193 0.5223152022315203 0.09241842393673658 0.059972105997210576
