0 0.5007575862883832 0.5244072524407253 0.10981526015096116 0.08926080892608099
1 0.8510682661699497 0.8793584379358438 0.08345959771473062 0.08786610878661079
2 0.9630798315239301 0.6150627615062761 0.07247807169963437 0.08368200836820079
2 0.9595768637317725 0.7092050209205019 0.08084627253645495 0.06834030683403121
2 0.8137310777186229 0.6785216178521618 0.10103003933888431 0.07391910739191075
2 0.8505191898691945 0.7859135285913529 0.09553927633133695 0.07112970711297074
2 0.8510682661699497 0.9602510460251046 0.09444112372982673 0.06276150627615053
2 0.5633522845744311 0.8542538354253836 0.11201156535398042 0.07391910739191075
2 0.49691405218309953 0.9665271966527197 0.09993188673737471 0.06136680613668048
2 0.35744867179137885 0.45676429567642957 0.09553927633133633 0.06834030683403071
2 0.3623903584981721 0.26359832635983266 0.09663742893284588 0.06415620641562064
2 0.21029622318909078 0.24546722454672246 0.09334297112831702 0.06694560669456066
2 0.054907630075480614 0.18898186889818688 0.08345959771473054 0.06555090655509063
