1 0.0980100993110602 0.3054393305439331 0.04051814161462823 0.1171548117154812
1 0.1489315475564713 0.3068340306834032 0.041613226523131715 0.1115760111576008
1 0.24967935913879016 0.3054393305439331 0.04599356615714559 0.11157601115760113
1 0.3476894584498504 0.304044630404463 0.04270831143163512 0.11715481171548117
1 0.40025353405801667 0.3033472803347281 0.0448984812486421 0.1157601115760112
1 0.44953235494067273 0.3054393305439331 0.0448984812486421 0.1087866108786611
1 0.49771609091482516 0.3054393305439331 0.04927882088265591 0.11436541143654115
1 0.5486375391602363 0.30683403068340304 0.04599356615714555 0.11157601115760113
1 0.5990114449513958 0.30474198047419804 0.04818373597415246 0.10739191073919105
1 0.6504804356510587 0.3061366806136681 0.04380339634013865 0.11297071129707109
1 0.7512282472333774 0.30474198047419804 0.0481837359741526 0.10739191073919105
1 0.8005070681160333 0.304044630404463 0.04818373597415246 0.11157601115760113
1 0.8519760588156963 0.3075313807531381 0.04380339634013865 0.11018131101813111
1 0.9018024221526041 0.3075313807531381 0.047088651065649 0.10460251046025103
1 0.0969150144025567 0.7294281729428173 0.05146899069966288 0.11157601115760102
1 0.14509875037670922 0.7315202231520224 0.04270831143163516 0.10460251046025107
1 0.19875791089337902 0.7357043235704326 0.04927882088265596 0.11018131101813085
1 0.24913181668453846 0.7322175732217573 0.04051814161462826 0.10320781032078116
1 0.2995057224756979 0.7370990237099023 0.047088651065649 0.1129707112970712
1 0.34878454335835385 0.7322175732217573 0.04051814161462822 0.10320781032078116
1 0.3986109066952615 0.7329149232914923 0.04818373597415246 0.10181311018131112
1 0.44898481248642097 0.7370990237099023 0.04380339634013865 0.1129707112970712
1 0.4988111758233286 0.7329149232914923 0.047088651065649 0.11018131101813111
1 0.6006540723141509 0.7336122733612273 0.04708865106564901 0.10878661087866154
1 0.6510279781053104 0.7336122733612274 0.04270831143163527 0.10878661087866107
1 0.6997592565337146 0.7308228730822873 0.04380339634013865 0.10599721059972111
1 0.7495856198706221 0.7322175732217572 0.04270831143163546 0.1087866108786614
1 0.7994119832075299 0.7336122733612274 0.0394230567061247 0.10599721059972111
1 0.850880973907193 0.7315202231520221 0.04818373597415264 0.10739191073919098
2 0.1982103684391273 0.3061366806136681 0.04599356615714555 0.1157601115760112
2 0.2995057224756979 0.3061366806136681 0.0448984812486421 0.11297071129707109
2 0.6997592565337146 0.3061366806136681 0.04818373597415246 0.11297071129707109
2 0.5486375391602363 0.7336122733612274 0.0503739057911595 0.11994421199442115
2 0.9023499646068558 0.7357043235704324 0.04818373597415246 0.1185495118549511
0 0.49935871827758005 0.5202231520223153 0.08979696249728464 0.06973500697350074
