1 0.09524333847170226 0.1324965132496513 0.08918740365558246 0.06973500697350069
1 0.09854657564413127 0.20223152022315205 0.09579387800044045 0.058577405857740565
1 0.09744549658665491 0.2629009762900976 0.08258092931072451 0.05160390516039048
1 0.0963444175291786 0.33054393305439334 0.0781766130808192 0.05578800557880051
1 0.09689495705791674 0.39400278940027894 0.08808632459810614 0.05439330543933053
1 0.09964765470160757 0.45676429567642957 0.08918740365558246 0.059972105997210576
1 0.09689495705791679 0.5174337517433751 0.08147985025324822 0.05578800557880065
1 0.09854657564413127 0.5794979079497908 0.08698524554062985 0.04881450488145042
1 0.09854657564413123 0.7043235704323569 0.08918740365558246 0.05020920502092039
1 0.0963444175291786 0.7754532775453278 0.0781766130808192 0.05299860529986063
1 0.1012992732878221 0.8347280334728033 0.09689495705791679 0.057182705718270485
1 0.1012992732878221 0.9044630404463041 0.09909711517286944 0.0627615062761508
1 0.9001321294868972 0.1387726638772664 0.09138956177053516 0.06834030683403071
1 0.9006826690156353 0.20013947001394702 0.09469279894296406 0.057182705718270554
1 0.8973794318432065 0.32566248256624825 0.0880863245981061 0.06276150627615064
1 0.9012332085443737 0.392608089260809 0.08698524554062985 0.057182705718270554
1 0.9012332085443735 0.5181311018131102 0.08037877119577189 0.06555090655509069
1 0.8990310504294209 0.5829846582984658 0.09138956177053516 0.05578800557880058
1 0.9012332085443735 0.6436541143654115 0.091389561770535 0.059972105997210645
1 0.9001321294868972 0.7099023709902371 0.0847830874256772 0.06136680613668048
1 0.9001321294868972 0.7782426778242677 0.0825809293107244 0.05857740585774067
1 0.9017837480731117 0.8361227336122734 0.09028848271305875 0.05160390516039058
1 0.9006826690156353 0.8960948396094841 0.08588416648315345 0.05160390516039044
2 0.09744549658665491 0.6436541143654115 0.08478308742567715 0.06555090655509065
2 0.89627835278573 0.26638772663877264 0.08588416648315345 0.06415620641562064
2 0.8973794318432065 0.45606694560669453 0.0880863245981061 0.06136680613668062
0 0.4976877339792997 0.5153417015341699 0.09909711517286945 0.07112970711297079
