1 0.09702382815624815 0.30474198047419804 0.05512717508877734 0.11018131101813107
1 0.14829210098881107 0.3075313807531381 0.0474093705763485 0.10181311018131098
1 0.20176546082492514 0.3082287308228731 0.04410174007102188 0.1087866108786611
1 0.24862355965038588 0.3103207810320781 0.04299919656924633 0.11576011157601115
1 0.39636438888830916 0.3089260808926081 0.04299919656924629 0.11018131101813115
1 0.44818393347175983 0.3124128312412831 0.04299919656924636 0.11157601115760109
1 0.49890093455343504 0.3061366806136681 0.04079410956569525 0.11018131101813115
1 0.5479641203824469 0.3138075313807531 0.044101740071021994 0.10599721059972107
1 0.5942709474570199 0.3082287308228731 0.04851191407812408 0.10320781032078102
1 0.647193035542246 0.3117154811715481 0.039691566063919624 0.11297071129707109
1 0.6973587648730333 0.306834030683403 0.051819544583451525 0.11436541143654107
1 0.7960364082819446 0.3075313807531379 0.04851191407812513 0.1129707112970712
1 0.09757509990713592 0.7280334728033473 0.04961445757989961 0.11157601115760116
1 0.14884337273969886 0.7336122733612274 0.04410174007102188 0.10878661087866107
1 0.19900910207048625 0.7308228730822873 0.047409370576348524 0.10878661087866107
1 0.24917483140127367 0.7336122733612274 0.04189665306747077 0.11157601115760102
1 0.2982380172302854 0.7301255230125523 0.04299919656924633 0.11297071129707106
1 0.3467499313084096 0.7350069735006974 0.04740937057634845 0.11436541143654111
1 0.4002232911445236 0.7336122733612271 0.041896653067470896 0.114365411436542
1 0.4487352052226477 0.7294281729428173 0.044101740071021925 0.11436541143654111
1 0.49834966280254733 0.7329149232914923 0.04851191407812415 0.10739191073919102
1 0.547412848631559 0.7329149232914922 0.04520428357279773 0.1101813110181312
1 0.5981298497132344 0.7329149232914923 0.045204283572797405 0.10739191073919102
1 0.6493981225457971 0.731520223152022 0.04410174007102205 0.11576011157601097
1 0.7469732224529332 0.7301255230125523 0.04079410956569532 0.10739191073919116
1 0.7971389517837204 0.7294281729428173 0.04630682707457297 0.11436541143654111
1 0.8450995941109568 0.7336122733612274 0.04299919656924644 0.10878661087866107
1 0.9013293127015095 0.7294281729428175 0.05181954458345141 0.10599721059972084
2 0.29878928898117324 0.3061366806136681 0.046306827074572926 0.1157601115760112
2 0.34785247481018516 0.3117154811715481 0.04299919656924636 0.11854951185495124
2 0.7475244942038212 0.30822873082287305 0.04189665306747083 0.10878661087866107
2 0.8467534093636201 0.3082287308228731 0.05071700108167519 0.11436541143654115
2 0.9007780409506219 0.3117154811715481 0.05071700108167519 0.1157601115760112
0 0.49614457579899623 0.5181311018131102 0.09040856714559496 0.06276150627615067
2 0.6990125801256969 0.7322175732217573 0.05071700108167534 0.10878661087866107
