0 0.2007070805358243 0.5599721059972106 0.11468976030618533 0.08228730822873075
1 0.5138983490642535 0.8235704323570432 0.07719503097531699 0.08507670850767085
2 0.9626187927735071 0.7928870292887029 0.07476241445298555 0.06555090655509062
2 0.9086957931951608 0.8193863319386332 0.08381174791605858 0.05997210599721072
2 0.8767149946482437 0.898186889818689 0.09483960948396089 0.06415620641562071
2 0.9064902208815804 0.28591352859135283 0.08601732022963901 0.05299860529986052
2 0.8441828030229316 0.34239888423988846 0.0893256787000098 0.057182705718270624
2 0.7940060328889754 0.23709902370990235 0.09263403717038045 0.06973500697350069
2 0.8320521552982388 0.49721059972105996 0.08270896175926822 0.05439330543933053
2 0.8215756868087314 0.5306834030683403 0.09042846485679988 0.05160390516039051
2 0.8259868314358926 0.7384937238493724 0.08822289254321944 0.057182705718270485
2 0.8099964321624339 0.7900976290097629 0.08712010638642922 0.057182705718270624
2 0.6688398040932827 0.7740585774058579 0.09153125101359023 0.05578800557880058
2 0.696409458013039 0.8542538354253836 0.0849145340728488 0.05160390516039058
2 0.6903441341506925 0.893305439330544 0.0970451817975416 0.05160390516039044
2 0.629139502448834 0.6094839609483961 0.09373682332717066 0.06415620641562071
2 0.6809704518179754 0.32914923291492326 0.09153125101359016 0.0753138075313808
2 0.6528494048198243 0.40376569037656906 0.09483960948396103 0.059972105997210645
2 0.6313450747624144 0.4504881450488145 0.0782978171321072 0.06415620641562064
2 0.5409166099056145 0.4483960948396095 0.0871201063864293 0.05160390516039058
2 0.5194122798482047 0.7433751743375174 0.08160617560247807 0.06136680613668062
2 0.5177581006130194 0.908647140864714 0.10255911258149268 0.06555090655509062
2 0.5127955629074633 0.9735006973500697 0.09042846485679995 0.041841004184100396
2 0.28782718692225356 0.9728033472803347 0.08822289254321955 0.03765690376569026
2 0.32807888164509746 0.902370990237099 0.0849145340728488 0.0669456066945608
2 0.23765041678829754 0.892608089260809 0.08491453407284875 0.06415620641562071
2 0.14777334500989267 0.8012552301255229 0.09704518179754146 0.0767085076708507
2 0.11910090493334632 0.688284518828452 0.08160617560247801 0.06555090655509062
2 0.3512373909376926 0.5209205020920502 0.07609224481852678 0.05160390516039044
2 0.5133469559858583 0.40376569037656906 0.0893256787000098 0.0543933054393306
2 0.46317018585190234 0.35216178521617847 0.08822289254321944 0.054393305439330464
2 0.403068340306834 0.32566248256624825 0.08712010638642922 0.06555090655509062
2 0.4582076481463461 0.23640167364016734 0.08491453407284873 0.06834030683403068
2 0.22110862443644386 0.19246861924686193 0.0871201063864292 0.07252440725244073
2 0.15053031040186826 0.26569037656903766 0.0959423956407512 0.06276150627615064
2 0.08601732022963901 0.20292887029288703 0.08601732022963901 0.057182705718270554
