2 0.08999315774461064 0.3110181311018132 0.049689473601318764 0.1087866108786611
1 0.14465157870606127 0.3096234309623432 0.037543157832107495 0.100418410041841
2 0.19158052599619566 0.31032078103207816 0.04527263150342375 0.11018131101813111
1 0.24513473643317252 0.31032078103207816 0.037543157832107495 0.10739191073919105
2 0.29261578898554363 0.3110181311018132 0.04637684202789774 0.11157601115760113
2 0.3445136836358101 0.3110181311018132 0.041959999930002496 0.11157601115760116
1 0.39475526249936566 0.3110181311018132 0.04527263150342378 0.11157601115760116
1 0.446101051887395 0.31032078103207816 0.039751578881054996 0.10739191073919105
1 0.4946863149642403 0.30613668061366794 0.04637684202789718 0.11018131101813128
1 0.5454799990900325 0.3089260808926081 0.0463768420278975 0.11018131101813107
1 0.5951694726913511 0.3117154811715482 0.04416842097895021 0.1073919107391912
1 0.6476194726038544 0.30892608089260815 0.04527263150342371 0.10739191073919109
1 0.6956526304184627 0.31032078103207816 0.04195999993000243 0.11018131101813111
1 0.746446314544255 0.30892608089260815 0.04416842097895 0.11297071129707113
1 0.7972399986700477 0.3124128312412832 0.04195999993000243 0.10599721059972105
1 0.8474815775336032 0.3047419804741981 0.04748105255237121 0.11297071129707113
1 0.8993794721838695 0.31032078103207816 0.04968947360131864 0.10739191073919105
2 0.09220157879355813 0.7308228730822874 0.049689473601318764 0.10320781032078089
1 0.14520368396829816 0.7370990237099023 0.04306421045447622 0.1101813110181311
1 0.19378894704514316 0.7315202231520226 0.04306421045447625 0.11576011157601115
1 0.2440305259086988 0.7315202231520225 0.041959999930002496 0.11018131101813111
1 0.29592842055896507 0.7308228730822874 0.03754315783210757 0.10878661087866107
2 0.34340947311133635 0.7329149232914925 0.04858526307684492 0.11018131101813111
2 0.39420315723712873 0.7336122733612274 0.0463768420278975 0.1171548117154812
1 0.4455489466251582 0.7322175732217575 0.03643894730763378 0.11157601115760116
1 0.49579052548871383 0.7343096234309625 0.035334736783159994 0.11018131101813111
2 0.5454799990900326 0.7315202231520226 0.04416842097895 0.10460251046025107
1 0.5935131569046408 0.7336122733612274 0.03864736835658128 0.10599721059972111
1 0.6437547357681964 0.7329149232914925 0.041959999930002566 0.11018131101813111
1 0.6973089462051734 0.7336122733612281 0.043064210454475796 0.10878661087865997
2 0.7447899987575446 0.7308228730822874 0.04748105255237121 0.11715481171548134
1 0.7955836828833369 0.7315202231520225 0.04748105255237135 0.11018131101813111
2 0.8458252617468927 0.7315202231520225 0.04858526307684499 0.11018131101813111
1 0.8977231563971588 0.7308228730822874 0.04416842097895 0.10320781032078089
0 0.49744684127542443 0.5216178521617852 0.09164947353132127 0.06694560669456073
