1 0.14696565984581972 0.31241283124128316 0.04641020837236411 0.1087866108786611
1 0.19890089302441766 0.3131101813110181 0.04641020837236415 0.11018131101813107
1 0.24696860883865196 0.3096234309623431 0.040885183566130294 0.1087866108786611
1 0.2966938320947564 0.3096234309623431 0.04088518356613033 0.10599721059972105
1 0.3464190553508608 0.3117154811715481 0.0475152133336109 0.11297071129707109
1 0.4447644969018229 0.3096234309623431 0.043095193488623874 0.100418410041841
1 0.6464279023293574 0.31241283124128316 0.04420019844987067 0.10320781032078105
1 0.6961531255854618 0.3131101813110181 0.04641020837236411 0.10460251046025103
1 0.7442208413996961 0.3089260808926081 0.04309519348862378 0.10460251046025108
1 0.7939460646558006 0.3082287308228732 0.045305203411117045 0.11436541143654083
1 0.8442237903925283 0.3117154811715481 0.041990188527376945 0.10739191073919105
1 0.8961590235711263 0.3096234309623431 0.041990188527377084 0.10599721059972105
1 0.09724043658971532 0.7273361227336124 0.044200198449870595 0.1129707112970712
1 0.14586065488457298 0.7336122733612274 0.03978017860488356 0.11157601115760102
1 0.19558587814067738 0.7280334728033473 0.044200198449870595 0.10041841004184107
1 0.24973112124176888 0.7308228730822874 0.04199018852737701 0.09762900976290098
1 0.34531405038961405 0.7315202231520224 0.04751521333361097 0.1129707112970712
1 0.39559177612634194 0.7301255230125521 0.044200198449870415 0.1018131101813112
1 0.446422004343693 0.7287308228730823 0.03757016868238999 0.11018131101813111
1 0.4955947251191741 0.7301255230125523 0.040885183566130294 0.11018131101813111
1 0.543109938452785 0.7266387726638773 0.049725223256104414 0.10320781032078116
1 0.5944926691507595 0.7336122733612274 0.04641020837236404 0.10878661087866107
1 0.6447703948874873 0.7294281729428173 0.051935233178597925 0.10320781032078102
1 0.696153125585462 0.7315202231520219 0.04641020837236383 0.10181311018131205
1 0.7458783488415662 0.7308228730822873 0.04199018852737723 0.10320781032078102
1 0.7967085770589175 0.7294281729428173 0.050830228217351135 0.10041841004184093
1 0.8447762928731518 0.7336122733612274 0.043095193488623666 0.10320781032078102
1 0.8950540186098794 0.7294281729428173 0.04862021829485755 0.1087866108786612
2 0.09337291922535164 0.3152022315202231 0.05414524310109147 0.11436541143654107
2 0.3939342686844716 0.3089260808926081 0.0475152133336109 0.11297071129707113
2 0.4966997300804208 0.31520223152022314 0.0475152133336109 0.11715481171548113
2 0.5469774558171487 0.31311018131101814 0.048620218294857624 0.11297071129707113
2 0.5955976741120063 0.3110181311018131 0.044200198449870526 0.10320781032078102
2 0.296141329614133 0.7322175732217575 0.044200198449870436 0.12552301255230122
0 0.4906222027935636 0.5237099023709902 0.09945044651220883 0.07391910739191075
