1 0.09533108359089731 0.304044630404463 0.045185831528633404 0.10878661087866102
1 0.1493336627348738 0.3089260808926081 0.04518583152863341 0.11018131101813115
1 0.19727472789330192 0.3089260808926081 0.03967536426904395 0.11018131101813115
1 0.2992183721957066 0.3061366806136681 0.04077745772096186 0.11297071129707109
2 0.39950887632023435 0.307531380753138 0.04739001843246923 0.11297071129707109
1 0.5499446325070261 0.3103207810320781 0.04849211188438709 0.10460251046025103
1 0.6485819964536771 0.30474198047419804 0.04298164462479754 0.11297071129707117
1 0.7003803886938178 0.306136680613668 0.04298164462479761 0.10460251046025103
1 0.7488725005782048 0.3075313807531381 0.04739001843246939 0.11018131101813111
1 0.7979156591885509 0.30474198047419804 0.04408373807671552 0.11854951185495122
1 0.9031655838467093 0.3068340306834034 0.04739001843246927 0.11436541143654066
1 0.09808631722069203 0.7287308228730823 0.039675364269043965 0.11018131101813111
1 0.14768052255699696 0.7294281729428173 0.04187955117287975 0.11157601115760102
1 0.19727472789330192 0.7308228730822873 0.03967536426904395 0.11436541143654111
1 0.24797102668152476 0.7287308228730822 0.04849211188438709 0.11297071129707106
1 0.2970141852918708 0.7287308228730822 0.04077745772096186 0.11576011157601115
1 0.44634784802674476 0.7329149232914927 0.04408373807671526 0.1073919107391902
1 0.4975951935409263 0.7343096234309624 0.04298164462479754 0.12133891213389106
1 0.549393585781067 0.7315202231520224 0.04298164462479768 0.10181311018131112
1 0.6006409312952489 0.7308228730822873 0.046287924980551266 0.11715481171548106
1 0.7025845755976536 0.7287308228730823 0.04298164462479761 0.11018131101813111
1 0.7510766874820406 0.7343096234309624 0.042981644624797755 0.10460251046025107
1 0.8028750797221812 0.7315202231520224 0.04077745772096179 0.10739191073919102
1 0.8519182383325272 0.7350069735006973 0.03967536426904403 0.10041841004184107
1 0.9020634903947915 0.7308228730822874 0.047390018432468844 0.10878661087866098
2 0.24576683977768898 0.3082287308228731 0.04849211188438709 0.11157601115760116
2 0.3488125775320116 0.3103207810320781 0.054002579143976236 0.12412831241283132
2 0.4507562218344161 0.3096234309623431 0.041879551172879774 0.11436541143654118
2 0.49594205336304953 0.30613668061366806 0.05290048569205872 0.12412831241283122
2 0.6006409312952489 0.3033472803347279 0.050696298788222904 0.12412831241283123
2 0.8491630047027325 0.30055788005578793 0.04518583152863331 0.12970711297071125
2 0.34826153080605254 0.7280334728033473 0.04408373807671559 0.11994421199442115
2 0.39785573614235753 0.7322175732217573 0.04408373807671552 0.11994421199442115
2 0.6513372300834718 0.7329149232914923 0.046287924980551336 0.12691771269177138
0 0.5025546140745568 0.5223152022315202 0.09698422376877402 0.0627615062761506
