2 0.10052197688388086 0.3131101813110181 0.05026098844194043 0.1213389121338912
2 0.15296822569286217 0.3138075313807531 0.04589046770785863 0.11715481171548109
2 0.20213658395128214 0.31450488145048816 0.03933468660673601 0.11854951185495115
2 0.2513049422097021 0.3138075313807532 0.04370520734081776 0.11436541143654118
2 0.30047330046812215 0.31241283124128316 0.043705207340817794 0.11715481171548124
1 0.35128060400182276 0.3138075313807531 0.04479783752433818 0.1199442119944212
2 0.39990264716848245 0.3117154811715481 0.04589046770785863 0.10739191073919105
1 0.45125626579394357 0.308228730822873 0.04151994697377669 0.11157601115760124
1 0.49823936368532246 0.31311018131101814 0.0393346866067359 0.11297071129707113
1 0.5474077219437429 0.3110181311018131 0.04151994697377634 0.11436541143654094
1 0.5976687103856828 0.3131101813110181 0.039334686606736044 0.10460251046025103
1 0.6462907535523427 0.3096234309623431 0.04042731679025643 0.1087866108786611
1 0.6976443721778035 0.3138075313807531 0.0404273167902565 0.10599721059972107
1 0.7479053606197439 0.3138075313807531 0.042612577157297264 0.09762900976290094
1 0.794888458511123 0.3138075313807531 0.04479783752433818 0.10878661087866107
1 0.846242077136584 0.3158995815899582 0.04479783752433818 0.10739191073919109
1 0.8981420108538051 0.31241283124128316 0.04151994697377688 0.1087866108786611
2 0.1037998674344422 0.7322175732217573 0.04370520734081776 0.11436541143654111
1 0.15023665023406108 0.7266387726638773 0.04698309789137909 0.11436541143654125
1 0.19885869340072085 0.7329149232914923 0.04589046770785867 0.11297071129707106
1 0.3015659306516425 0.7350069735006971 0.04589046770785866 0.1059972105997211
1 0.3534658643688637 0.7350069735006974 0.044797837524338247 0.1171548117154812
1 0.40154159244376314 0.7357043235704324 0.044797837524338247 0.10739191073919102
1 0.44852469033514225 0.7315202231520224 0.04261257715729734 0.10181311018131112
1 0.5004246240523634 0.7370990237099023 0.043705207340817794 0.10739191073919102
1 0.5501392974025435 0.7343096234309624 0.04042731679025628 0.10181311018131098
2 0.5971223952939226 0.7364016736401673 0.05135361862546091 0.11715481171548106
1 0.6479296988276233 0.7364016736401673 0.043705207340817724 0.10320781032078116
1 0.6970980570860433 0.7336122733612274 0.04370520734081765 0.1171548117154812
1 0.7489979908032646 0.7370990237099023 0.04916835825841915 0.10460251046025108
1 0.7992589792452048 0.7370990237099023 0.0404273167902565 0.11018131101813111
1 0.8467883922283435 0.736401673640167 0.043705207340819056 0.10878661087866198
2 0.8970493806702845 0.7336122733612274 0.048075728074899474 0.11436541143654111
2 0.2507586271179419 0.7343096234309624 0.04261257715729734 0.11297071129707106
0 0.49987830896060315 0.5244072524407253 0.08850304486515598 0.06415620641562057
