1 0.10050676992645338 0.3110181311018131 0.04503582040420315 0.10320781032078102
1 0.1999151052089018 0.3096234309623431 0.041740516472188245 0.10599721059972105
1 0.29932344049135023 0.30683403068340304 0.0428389511161933 0.10320781032078098
1 0.3493022167935757 0.3075313807531381 0.039543647184178424 0.11018131101813111
1 0.39818255845179623 0.3089260808926081 0.04064208182818334 0.11018131101813115
1 0.4487105520760241 0.3082287308228731 0.03844521254017337 0.1087866108786611
1 0.49923854570025195 0.3075313807531379 0.04283895111619358 0.10460251046025128
1 0.5492173220024776 0.31101813110181303 0.04613425504820809 0.10599721059972086
1 0.5964500116946906 0.3089260808926081 0.04393738576019821 0.10460251046025107
1 0.6447811360309085 0.3089260808926081 0.046134255048208034 0.11297071129707113
1 0.696956781621144 0.3089260808926081 0.04723268969221309 0.10460251046025107
1 0.746386340601367 0.3096234309623431 0.04503582040420312 0.10320781032078105
1 0.794717464937585 0.3082287308228731 0.04503582040420312 0.11436541143654115
1 0.8435978065958054 0.30474198047419804 0.048331124336217925 0.11297071129707117
1 0.8968718868300458 0.3096234309623431 0.05162642826823287 0.11436541143654118
1 0.10160520457045834 0.7280334728033473 0.04283895111619323 0.10878661087866107
1 0.15048554622867885 0.7322175732217572 0.04174051647218822 0.10599721059972125
1 0.1999151052089018 0.7259414225941424 0.04393738576019821 0.11576011157601115
1 0.2504430988331297 0.7308228730822874 0.04613425504820807 0.10041841004184109
1 0.30097109245735765 0.7315202231520224 0.037346777896168463 0.10739191073919102
1 0.4003794277398061 0.7280334728033473 0.04723268969221309 0.10041841004184107
1 0.44980898672002906 0.7273361227336124 0.04064208182818334 0.10739191073919102
1 0.49923854570025206 0.7308228730822873 0.0428389511161933 0.10599721059972111
1 0.5481188873584726 0.7308228730822873 0.039543647184178354 0.10599721059972111
1 0.5975484463386955 0.7315202231520224 0.048331124336217994 0.1185495118549511
1 0.6480764399629234 0.7308228730822873 0.046134255048208034 0.10878661087866107
1 0.6964075642991415 0.7301255230125523 0.04174051647218846 0.11018131101813111
1 0.746386340601367 0.7294281729428173 0.04723268969221309 0.1171548117154812
1 0.7958158995815898 0.7273361227336124 0.04283895111619316 0.10739191073919102
1 0.8463438932058179 0.7280334728033472 0.04503582040420312 0.11436541143654111
1 0.8974211041520482 0.7322175732217573 0.05052799362422803 0.11994421199442115
2 0.14883789426267138 0.3103207810320781 0.049429558980222964 0.11297071129707117
2 0.25044309883312976 0.30613668061366806 0.04833112433621803 0.10739191073919109
2 0.34820378214957076 0.7280334728033473 0.05052799362422789 0.11157601115760116
0 0.4959432417682372 0.5132496513249651 0.09336694474042119 0.08089260808926077
