1 0.09833332462733996 0.13458856345885636 0.08679701279955147 0.06555090655509067
1 0.09943202099189129 0.20641562064156216 0.08020483461224369 0.058577405857740523
1 0.1005307173564425 0.33333333333333326 0.08459962007044894 0.05578800557880068
1 0.1027281100855451 0.39818688981868905 0.08899440552865404 0.059972105997210576
1 0.10108006553871818 0.4623430962343097 0.08789570916410278 0.059972105997210576
1 0.10327745826782074 0.5230125523012553 0.08130353097679506 0.05578800557880051
1 0.10327745826782074 0.5850767085076708 0.08569831643500017 0.057182705718270554
1 0.10217876190326948 0.7119944211994422 0.08130353097679506 0.05439330543933067
1 0.09833332462733996 0.7768479776847979 0.08020483461224376 0.047419804741980445
1 0.09833332462733996 0.8382147838214786 0.08240222734134633 0.05857740585774067
1 0.10162941372099382 0.9044630404463041 0.08899440552865404 0.05160390516039044
1 0.898184278020675 0.13947001394700143 0.08679701279955154 0.058577405857740586
1 0.8992829743852265 0.20781032078103207 0.08899440552865383 0.06136680613668071
1 0.8959868852915726 0.27057182705718275 0.0933891909868592 0.05299860529986056
1 0.9003816707497776 0.3319386331938634 0.08459962007044908 0.055788005578800544
1 0.8970855816561237 0.4602510460251047 0.08679701279955154 0.050209205020920536
1 0.898184278020675 0.5251046025104604 0.08899440552865415 0.059972105997210645
1 0.898184278020675 0.585076708507671 0.08899440552865415 0.05439330543933053
1 0.8976349298383994 0.7119944211994422 0.07910613824769257 0.05160390516039058
1 0.8976349298383994 0.7761506276150629 0.08789570916410284 0.048814504881450345
1 0.895437537109297 0.8423988842398884 0.0944878873514105 0.05578800557880058
1 0.9025790634788803 0.9058577405857742 0.08240222734134647 0.057182705718270624
2 0.10053071735644252 0.2698744769874477 0.09998136917416689 0.05439330543933057
2 0.09943202099189126 0.6492329149232916 0.08679701279955149 0.0543933054393306
2 0.8992829743852263 0.39400278940027905 0.0933891909868592 0.07391910739191075
2 0.9009310189320533 0.6499302649930265 0.0900931018932053 0.05857740585774067
0 0.49825880132400757 0.5216178521617852 0.0911917982577566 0.06973500697350062
