1 0.09530509284293087 0.30404463040446306 0.054773041863753376 0.11436541143654118
1 0.14788721303213412 0.3075313807531381 0.04381843349100272 0.10460251046025103
1 0.1966352202908746 0.3061366806136681 0.042722972653727605 0.11297071129707109
1 0.30234719108791863 0.30613668061366806 0.04820027684010299 0.11854951185495118
1 0.3532861200212092 0.3103207810320781 0.044913894328277804 0.11297071129707117
1 0.4031295881172248 0.3075313807531381 0.04381843349100265 0.11018131101813111
1 0.4529730562132404 0.3089260808926081 0.04272297265372764 0.11297071129707113
1 0.49953014179743077 0.3075313807531381 0.039436590141902386 0.10460251046025103
1 0.5499213403120838 0.3110181311018131 0.04820027684010299 0.11157601115760113
1 0.6019557300826495 0.3103207810320781 0.044913894328277734 0.10460251046025103
1 0.6523469285973027 0.3089260808926081 0.044913894328277734 0.10739191073919105
1 0.7032858575305933 0.3096234309623431 0.04162751181645263 0.10320781032078105
1 0.7514861343706962 0.3082287308228731 0.04381843349100279 0.11157601115760116
1 0.8002341416294368 0.31241283124128316 0.04272297265372757 0.10320781032078105
1 0.8533639922372774 0.3096234309623431 0.04820027684010299 0.09483960948396096
1 0.903207460333293 0.3089260808926081 0.044913894328277734 0.10460251046025107
2 0.09968693619203113 0.7377963737796374 0.04820027684010295 0.11994421199442115
1 0.1495304042880467 0.7343096234309624 0.044913894328277734 0.10181311018131098
1 0.19773068112814968 0.7398884239888424 0.044913894328277734 0.10460251046025107
1 0.24976507089871536 0.7377963737796374 0.046009355165552816 0.10878661087866107
1 0.3516429287652966 0.7391910739191073 0.046009355165552816 0.1171548117154812
1 0.4014863968613122 0.7370990237099023 0.044913894328277734 0.10739191073919102
1 0.45078213453869026 0.7357043235704325 0.044913894328277734 0.11576011157601115
1 0.5006256026347059 0.7405857740585773 0.04381843349100272 0.1115760111576013
1 0.5499213403120837 0.7377963737796377 0.04600935516555293 0.11715481171548094
1 0.6041466517571997 0.7391910739191073 0.044913894328277734 0.1087866108786612
1 0.7016426662746806 0.7357043235704325 0.044913894328277734 0.11576011157601115
1 0.7531293256266092 0.7343096234309624 0.04929573767737753 0.11018131101813063
1 0.85281626181864 0.7357043235704327 0.0449138943282783 0.11297071129707062
1 0.9048506515892057 0.7377963737796374 0.046009355165552816 0.11157601115760116
2 0.2486696100614403 0.31311018131101814 0.04820027684010295 0.10739191073919109
2 0.3001562694133685 0.7336122733612274 0.04820027684010299 0.10599721059972111
2 0.6512514677600276 0.7377963737796374 0.044913894328277734 0.11157601115760116
2 0.8013296024667119 0.7357043235704325 0.044913894328277734 0.11576011157601115
0 0.49953014179743077 0.5258019525801952 0.08325502363290518 0.06973500697350069
