1 0.095348510032983 0.1401673640167364 0.09206063037667324 0.06276150627615064
1 0.10028032951744766 0.20432357043235708 0.09315659026210983 0.0543933054393306
1 0.10028032951744766 0.26847977684797775 0.08438891117861715 0.05718270571827059
1 0.10247224928832081 0.3347280334728035 0.09973234957472935 0.05299860529986042
1 0.10630810888734885 0.46025104602510475 0.10521214900191234 0.0697350069735005
1 0.10082830946016597 0.5223152022315203 0.08548487106405375 0.05160390516039051
1 0.10082830946016594 0.5857740585774059 0.08110103152230738 0.047419804741980445
1 0.10192426934560253 0.6492329149232916 0.07890911175143421 0.05997210599721072
1 0.0975404298038562 0.7754532775453279 0.08329295129318058 0.05857740585774067
1 0.09973234957472936 0.8396094839609486 0.07452527220968787 0.05299860529986049
1 0.10411618911647576 0.9044630404463045 0.09644446991841962 0.0599721059972099
1 0.8921113467453813 0.13598326359832638 0.08986871060580015 0.05997210599721061
1 0.8937552865735361 0.20013947001394705 0.0887727507203634 0.06276150627615067
1 0.8959472063444095 0.2677824267782427 0.08658083094949034 0.0585774058577406
1 0.8959472063444095 0.33263598326359833 0.08658083094949034 0.05160390516039055
1 0.8964951862871277 0.39539748953974907 0.08110103152230749 0.057182705718270554
1 0.8953992264016911 0.4581589958158996 0.08329295129318069 0.04602510460251047
1 0.8975911461725643 0.7140864714086473 0.0789091117514343 0.0669456066945608
1 0.8964951862871277 0.781032078103208 0.08548487106405389 0.06694560669456052
1 0.8921113467453813 0.8354253835425385 0.0964444699184196 0.06415620641562071
1 0.8959472063444095 0.9037656903765691 0.08658083094949034 0.05857740585774067
2 0.10082830946016594 0.39539748953974907 0.08986871060580008 0.057182705718270554
2 0.09973234957472936 0.7126917712691773 0.08548487106405375 0.05857740585774053
2 0.8959472063444095 0.5216178521617852 0.08658083094949034 0.06136680613668062
2 0.8953992264016911 0.5815899581589958 0.10302022923103919 0.06973500697350069
2 0.895399226401691 0.6492329149232917 0.1008283094601663 0.05439330543933028
0 0.5035935673581116 0.5251046025104602 0.10411618911647576 0.07949790794979061
