1 0.09831086316441966 0.13458856345885636 0.08058267472493416 0.06555090655509063
1 0.09938529882741878 0.198744769874477 0.08488041737693063 0.05997210599721061
1 0.09831086316441966 0.3312412831241284 0.09132703135492537 0.06555090655509058
1 0.1042202593109148 0.397489539748954 0.07950823906193501 0.05578800557880051
1 0.10260860581641616 0.5258019525801952 0.08058267472493416 0.05578800557880051
1 0.09938529882741878 0.5871687587168753 0.08917816002892714 0.06415620641562159
1 0.10099695232191745 0.713389121338912 0.08165711038793327 0.06276150627615053
1 0.10422025931091483 0.8430962343096232 0.09455033834392268 0.07391910739191113
1 0.886946639805775 0.13458856345885634 0.08917816002892706 0.05997210599721061
1 0.8890955111317734 0.201534170153417 0.08917816002892706 0.05439330543933053
1 0.8912443824577713 0.26778242677824265 0.0870292887029298 0.05578800557880055
1 0.8912443824577716 0.39121338912133896 0.09347590268092347 0.054393305439330464
1 0.8928560359522703 0.4595536959553696 0.07950823906193506 0.05439330543933053
1 0.8923188181207703 0.5230125523012551 0.0805826747249347 0.06694560669456087
1 0.8912443824577716 0.5857740585774058 0.09347590268092347 0.06415620641562064
1 0.8890955111317734 0.6513249651324966 0.0827315460509324 0.05578800557880058
1 0.8880210754687742 0.7119944211994422 0.0848804173769307 0.05718270571827049
1 0.8901699467947725 0.7796373779637378 0.0827315460509324 0.06415620641562071
1 0.8923188181207706 0.8451882845188284 0.07843380339893585 0.05578800557880044
1 0.8939304716152694 0.9079497907949791 0.08595485303992971 0.05857740585774054
2 0.10153417015341702 0.2663877266387727 0.08058267472493416 0.055788005578800544
2 0.10153417015341704 0.4644351464435138 0.08917816002892717 0.06694560669456016
2 0.09992251665891833 0.6534170153417014 0.09669920966992102 0.05997210599721064
2 0.10314582364791558 0.7782426778242676 0.10314582364791552 0.05578800557880062
2 0.1047574771424142 0.9065550906555098 0.09347590268092347 0.06694560669456154
2 0.8933932537837699 0.3298465829846583 0.09132703135492534 0.06555090655509066
0 0.49800092980009303 0.5258019525801952 0.12356010124489898 0.08647140864714097
