1 0.10254498253172598 0.1401673640167364 0.08945413369788863 0.06276150627615064
1 0.10309043456646919 0.20711297071129706 0.08836322962840218 0.05160390516039051
1 0.10199953049698275 0.26778242677824265 0.08399961335045639 0.061366806136680586
1 0.10309043456646919 0.33333333333333337 0.08836322962840218 0.05578800557880058
1 0.10363588660121242 0.397489539748954 0.09381774997583442 0.06694560669456066
1 0.10363588660121241 0.4602510460251046 0.08509051741994282 0.05857740585774053
1 0.10418133863595563 0.5850767085076708 0.08181780521148349 0.06276150627615074
1 0.10309043456646914 0.6513249651324968 0.07745418893353781 0.06694560669456028
1 0.10636314677492853 0.7112970711297071 0.08618142148942926 0.05578800557880045
1 0.10145407846223954 0.7740585774058579 0.07854509300302415 0.05578800557880058
1 0.10145407846223954 0.8375174337517433 0.08072690114199704 0.05439330543933053
1 0.10090862642749629 0.9002789400278935 0.07963599707251058 0.051603905160390415
1 0.8929049808746563 0.14156206415620642 0.08618142148942937 0.057182705718270554
1 0.894541336978886 0.20502092050209206 0.0850905174199427 0.05299860529986052
1 0.8956322410483725 0.2705718270571827 0.08290870928096992 0.05299860529986052
1 0.8934504329093997 0.39539748953974896 0.08727232555891576 0.05439330543933053
1 0.8939958849441431 0.4588563458856346 0.08399961335045632 0.05020920502092047
1 0.8929049808746565 0.5850767085076708 0.08399961335045646 0.05160390516039058
1 0.89181407680517 0.6464435146443515 0.08836322962840214 0.05160390516039051
1 0.8939958849441428 0.7733612273361229 0.08618142148942923 0.05439330543933053
1 0.8923595288399133 0.903068340306834 0.08509051741994299 0.04881450488145049
2 0.1052722427054421 0.5244072524407253 0.09272684590634796 0.05857740585774053
2 0.8939958849441431 0.33472803347280333 0.09272684590634796 0.06415620641562064
2 0.8950867890136294 0.5237099023709902 0.08618142148942923 0.0543933054393306
2 0.894541336978886 0.7126917712691769 0.09818136625378017 0.06415620641562057
2 0.8945413369788856 0.8389121338912134 0.08727232555891652 0.06555090655509045
0 0.5012704199290221 0.5230125523012553 0.0774541889335379 0.0502092050209205
