1 0.09862002650796539 0.14365411436541145 0.0914576782140908 0.06136680613668062
1 0.09972192624548455 0.20571827057182707 0.0914576782140908 0.05160390516039051
1 0.10412952519556122 0.26778242677824265 0.0914576782140908 0.05299860529986056
1 0.09972192624548455 0.3319386331938633 0.09586527716416748 0.0502092050209205
1 0.10247667558928249 0.4532775453277545 0.09035577847657165 0.05578800557880058
1 0.10247667558928247 0.5209205020920503 0.09696717690168664 0.059972105997210645
1 0.10082382598300374 0.6506276150627616 0.09145767821409083 0.0627615062761506
1 0.10247667558928249 0.7105997210599722 0.08815197900153332 0.05439330543933053
1 0.10302762545804206 0.8333333333333335 0.08264248031393748 0.057182705718270624
1 0.09917097637672498 0.896792189679219 0.08594817952649497 0.05857740585774053
1 0.8952935367343227 0.14295676429567641 0.0914576782140908 0.07112970711297072
1 0.8969463863406014 0.2078103207810321 0.08815197900153322 0.05299860529986052
1 0.8941916369968035 0.33333333333333337 0.08705007926401408 0.05299860529986052
1 0.8952935367343227 0.39818688981868905 0.0914576782140908 0.057182705718270554
1 0.897497336209361 0.4602510460251047 0.08484627978897578 0.05020920502092047
1 0.8980482860781206 0.6471408647140865 0.08815197900153322 0.06415620641562071
1 0.8947425868655631 0.7099023709902371 0.09035577847657165 0.05299860529986049
1 0.8952935367343227 0.7747559274755926 0.08925387873905237 0.05997210599721072
1 0.8925387873905248 0.8368200836820084 0.09035577847657165 0.050209205020920536
2 0.10137477585176331 0.3947001394700139 0.0947633774266483 0.06415620641562064
2 0.10302762545804206 0.5857740585774058 0.0914576782140908 0.05578800557880058
2 0.10247667558928249 0.7768479776847976 0.08815197900153332 0.06415620641562071
2 0.8969463863406014 0.2719665271966527 0.09917097637672498 0.06415620641562068
2 0.8947425868655631 0.5216178521617852 0.09476337742664825 0.06136680613668062
2 0.8958444866030822 0.5878661087866108 0.09255957795160995 0.059972105997210576
2 0.897497336209361 0.900278940027894 0.09586527716416754 0.06276150627615067
0 0.50246628030874 0.5237099023709902 0.09917097637672491 0.07112970711297066
