1 0.09973234957472936 0.3138075313807532 0.046030315188336626 0.10599721059972116
1 0.15233842407568549 0.31241283124128316 0.043838395417463455 0.10320781032078105
1 0.25097481376497827 0.31101813110181314 0.0460303151883366 0.10599721059972105
1 0.3019369484377796 0.3117154811715482 0.0449343553029 0.11297071129707113
1 0.40221727795522727 0.3131101813110182 0.043838395417463476 0.1046025104602511
1 0.4493435530290004 0.3124128312412832 0.03945455587571708 0.11994421199442122
1 0.5003056877018017 0.3124128312412832 0.04274243553202681 0.11436541143654118
1 0.5518158023173213 0.3138075313807532 0.03835859599028048 0.100418410041841
1 0.5994900573338128 0.3096234309623431 0.04164647564659021 0.10878661087866107
1 0.648808252178459 0.3117154811715482 0.04164647564659013 0.11018131101813115
1 0.6986744269658238 0.3152022315202232 0.042742435532026946 0.10041841004184103
1 0.750732521524062 0.31311018131101825 0.05041415473008242 0.11576011157601092
1 0.8005986963114264 0.3152022315202232 0.03835859599028041 0.10599721059972111
1 0.9008790258288741 0.3117154811715482 0.04164647564659021 0.10739191073919109
1 0.10247224928832083 0.7343096234309625 0.04055051576115369 0.11018131101813111
1 0.14959852436209406 0.7364016736401675 0.04055051576115369 0.10878661087866107
1 0.20330055874848674 0.7405857740585775 0.04712627507377323 0.10878661087866107
1 0.24933087393682343 0.7384937238493725 0.03835859599028055 0.10739191073919116
1 0.3008409885523429 0.7308228730822875 0.04055051576115371 0.11436541143654111
1 0.34961120345427105 0.7370990237099025 0.0482222349592098 0.1129707112970712
1 0.4016692980125089 0.7350069735006974 0.03835859599028048 0.11157601115760102
1 0.45153547279987366 0.7370990237099025 0.043838395417463476 0.10181311018131112
1 0.5523637822600396 0.7329149232914923 0.043838395417463545 0.10460251046025107
1 0.6016819771046859 0.7370990237099025 0.043838395417463476 0.10739191073919102
1 0.6504521920066141 0.7350069735006974 0.044934355302900075 0.10320781032078102
1 0.6997703868512605 0.7377963737796375 0.03835859599028041 0.09483960948396103
1 0.7479926218104702 0.7419804741980475 0.0449343553029 0.11157601115760116
1 0.8477249713851995 0.7391910739191075 0.0493181948446464 0.1087866108786612
1 0.8997830659434374 0.7357043235704325 0.04822223495920975 0.11018131101813128
2 0.20001267909217701 0.3158995815899582 0.0493181948446464 0.11018131101813115
2 0.34961120345427105 0.3138075313807532 0.050414154730083 0.11436541143654115
2 0.8460810315570447 0.31589958158995823 0.056989914042702455 0.11576011157601122
2 0.49866174787364687 0.7364016736401675 0.04603031518833653 0.11436541143654111
2 0.7967628367123984 0.7350069735006974 0.05041415473008286 0.1087866108786612
0 0.5003056877018017 0.5258019525801954 0.09973234957472933 0.0753138075313808
