1 0.09723126837817041 0.30264993026499304 0.048069391108308955 0.11436541143654115
1 0.14639314564803185 0.3061366806136681 0.04369944646209907 0.1157601115760112
1 0.2479943586724122 0.30264993026499304 0.04151447413899412 0.11436541143654115
1 0.29660999286149736 0.30264993026499304 0.038237015654336695 0.11436541143654115
1 0.34850308553524 0.3033472803347281 0.045884418785204065 0.1157601115760112
1 0.39875744896665394 0.30404463040446306 0.04369944646209902 0.11436541143654118
1 0.4462805969941867 0.3054393305439331 0.044791932623651574 0.1087866108786611
1 0.49653496042560064 0.302649930264993 0.0426069603005466 0.100418410041841
1 0.5456968376954622 0.30474198047419804 0.044791932623651505 0.12412831241283126
1 0.595951201126876 0.302649930264993 0.044791932623651526 0.1115760111576011
1 0.6975524141512564 0.3061366806136681 0.040421987977441634 0.1157601115760112
1 0.7445293190980128 0.30474198047419804 0.04916187726986152 0.1213389121338912
1 0.8477692613647219 0.3054393305439331 0.04806939110830896 0.11436541143654115
1 0.09723126837817044 0.7238493723849373 0.04369944646209906 0.1087866108786612
1 0.14748563180958435 0.7301255230125523 0.050254363431413936 0.10739191073919116
1 0.19883248140255078 0.7294281729428173 0.043699446462099056 0.11436541143654111
1 0.24854060175318843 0.7294281729428173 0.04042198797744167 0.11157601115760102
1 0.2971562359422737 0.7266387726638773 0.043699446462099056 0.10878661087866107
1 0.3446793839698064 0.7336122733612274 0.04697690494675648 0.10599721059972111
1 0.3960262335627728 0.7301255230125523 0.04697690494675648 0.10181311018131098
1 0.44354938159030555 0.7315202231520224 0.045884418785204065 0.10739191073919102
1 0.4954424742640481 0.7322175732217573 0.04042198797744156 0.11715481171548106
1 0.5451505946146858 0.7287308228730822 0.04806939110830903 0.11576011157601115
1 0.6964599279897037 0.7266387726638769 0.04697690494675624 0.1059972105997209
1 0.7478067775826703 0.7308228730822873 0.04697690494675641 0.11994421199442115
0 0.5030898773949155 0.5202231520223153 0.08849137908575067 0.0585774058577406
2 0.1966475090794458 0.30613668061366794 0.05462430807762388 0.12133891213389117
2 0.6456593214775137 0.3075313807531381 0.04806939110830903 0.11018131101813111
2 0.7958761686909793 0.30474198047419804 0.04697690494675655 0.12412831241283126
2 0.8941999232307022 0.3054393305439331 0.044791932623651574 0.1171548117154812
2 0.5948587149653235 0.7280334728033472 0.04916187726986145 0.1171548117154812
2 0.6451130783967375 0.7280334728033472 0.044791932623651644 0.12831241283124128
2 0.7958761686909793 0.7301255230125523 0.04697690494675655 0.11576011157601115
2 0.8450380459608406 0.7287308228730822 0.04916187726986152 0.12133891213389106
2 0.8952924093922547 0.7280334728033472 0.049161877269861376 0.12831241283124128
