1 0.09867764340891146 0.14574616457461648 0.08930602364381933 0.05439330543933055
1 0.09702382815624816 0.2085076708507671 0.0859983931384927 0.05439330543933057
1 0.10253654566512588 0.396792189679219 0.08158821913139049 0.057182705718270554
1 0.1003314586615748 0.4588563458856346 0.08379330613494158 0.05299860529986056
1 0.10088273041246255 0.5230125523012553 0.08269076263316602 0.050209205020920536
1 0.10033145866157483 0.6506276150627615 0.08820348014204385 0.06555090655509066
1 0.09978018691068698 0.7140864714086473 0.0848958496367171 0.05299860529986064
1 0.09702382815624816 0.7747559274755927 0.0859983931384927 0.05439330543933067
1 0.09702382815624816 0.8403068340306834 0.0859983931384927 0.05160390516039044
1 0.09757509990713593 0.903068340306834 0.08269076263316605 0.05160390516039058
1 0.8980216821961833 0.14783821478382148 0.08489584963671704 0.052998605299860536
1 0.8952653234417443 0.20641562064156205 0.0815882191313905 0.05299860529986052
1 0.8958165951926321 0.2712691771269177 0.08930602364381926 0.06276150627615067
1 0.8996754974488465 0.3361227336122734 0.08599839313849272 0.058577405857740565
1 0.8947140516908564 0.39958158995815896 0.08269076263316606 0.05160390516039051
1 0.8974704104452954 0.5237099023709902 0.08379330613494147 0.0543933054393306
1 0.8936115081890809 0.5906555090655509 0.08710093664026829 0.057182705718270554
1 0.8985729539470708 0.6492329149232914 0.08820348014204385 0.0543933054393306
1 0.8985729539470708 0.7161785216178521 0.08379330613494161 0.057182705718270485
1 0.8974704104452954 0.7754532775453278 0.08379330613494147 0.05299860529986063
1 0.8969191386944075 0.8396094839609484 0.08489584963671717 0.06136680613668077
1 0.8974704104452953 0.901673640167364 0.09481874115269705 0.05718270571827077
2 0.10033145866157478 0.27266387726638774 0.08158821913139047 0.05439330543933053
2 0.10253654566512588 0.3361227336122734 0.08820348014204377 0.06415620641562061
2 0.10033145866157478 0.5871687587168759 0.08158821913139047 0.05857740585774067
2 0.8985729539470708 0.4609483960948396 0.08820348014204385 0.06276150627615067
0 0.49890093455343504 0.5258019525801952 0.09812637165802364 0.06136680613668055
