1 0.10110179565461012 0.3096234309623431 0.05414194521394422 0.1199442119944212
1 0.15303386555369944 0.3131101813110181 0.040882693324815006 0.11018131101813107
1 0.20330852896664767 0.307531380753138 0.04198763098224241 0.104602510460251
1 0.2524782547221684 0.3103207810320781 0.03867281800996015 0.11297071129707117
1 0.3541325192054922 0.3082287308228731 0.04530244395452471 0.11157601115760116
1 0.407169526762009 0.31450488145048816 0.04309256863966986 0.11018131101813111
1 0.4552343148601023 0.3124128312412831 0.04419750629709739 0.11157601115760109
1 0.5055089782730505 0.3138075313807532 0.04309256863966993 0.11436541143654118
1 0.5546787040285713 0.3082287308228731 0.039777755667387636 0.1087866108786611
1 0.6574379061693226 0.3075313807531381 0.04419750629709739 0.10181311018131098
1 0.755777357680364 0.3096234309623431 0.04419750629709725 0.11436541143654118
1 0.8060520210933122 0.311018131101813 0.04972219458423449 0.11994421199442122
1 0.8546692780201197 0.3138075313807531 0.04751231926937896 0.10878661087866118
1 0.9038390037756401 0.31241283124128316 0.04640738161195216 0.11436541143654115
1 0.20551840428150253 0.7294281729428173 0.04198763098224247 0.11436541143654107
1 0.25524059886573697 0.7343096234309624 0.04861725692680704 0.11018131101813097
1 0.30496279344997146 0.7329149232914923 0.04419750629709728 0.11018131101813111
1 0.3519226438906374 0.7350069735006973 0.04088269332481502 0.10878661087866107
1 0.40551212027586786 0.7301255230125523 0.04198763098224248 0.11297071129707106
1 0.4524719707165337 0.7350069735006974 0.04309256863966993 0.10320781032078102
1 0.5032991029581957 0.7329149232914923 0.04088269332481502 0.11018131101813111
1 0.5563361105147123 0.7391910739191075 0.05635182052879932 0.11994421199442075
1 0.6032959609553784 0.7287308228730822 0.039777755667387636 0.10460251046025107
1 0.6574379061693226 0.7315202231520224 0.04419750629709739 0.10181311018131112
1 0.7082650384109844 0.7329149232914923 0.04198763098224248 0.10739191073919102
1 0.754119951194223 0.7336122733612274 0.04088269332481488 0.09762900976290112
1 0.8568791533349741 0.7322175732217573 0.045302443954524846 0.11436541143654111
1 0.9054964102617811 0.7315202231520224 0.04751231926937962 0.10739191073919102
2 0.30275291813511657 0.3131101813110181 0.04861725692680704 0.11018131101813107
2 0.6032959609553784 0.3145048814504881 0.04640738161195223 0.11576011157601108
2 0.7055026942674162 0.30822873082287294 0.04751231926937967 0.11436541143654107
2 0.10054932682589639 0.7301255230125523 0.048617256926807045 0.12412831241283115
2 0.1552437408685543 0.7322175732217573 0.04309256863966992 0.11994421199442115
2 0.8032896769497436 0.7322175732217573 0.04419750629709739 0.11715481171548106
0 0.5010892276433409 0.5258019525801952 0.1093888280853158 0.08089260808926085
