1 0.09609256469081232 0.198744769874477 0.09390864276602112 0.06555090655509066
1 0.09609256469081223 0.2677824267782429 0.08298903314206513 0.05578800557880017
1 0.09390864276602112 0.3284518828451883 0.09390864276602112 0.048814504881450456
1 0.09663854517201009 0.4581589958158996 0.09281668180362553 0.06555090655509069
1 0.09609256469081232 0.5878661087866107 0.08298903314206511 0.06276150627615114
1 0.09663854517201009 0.6492329149232916 0.08844883795404317 0.05160390516039045
1 0.0993684475779991 0.7161785216178519 0.08735687699164747 0.06834030683403133
1 0.09718452565320788 0.8444909344490935 0.08298903314206516 0.06555090655509062
1 0.09718452565320788 0.9079497907949792 0.08517295506685635 0.05578800557880058
1 0.8981378915703764 0.203626220362622 0.0797131502548784 0.0502092050209205
1 0.9025057354199592 0.2684797768479775 0.09063275987883339 0.05439330543933077
1 0.8981378915703764 0.3298465829846583 0.0840809941044607 0.05160390516039048
1 0.8964999501267829 0.39191073919107394 0.08517295506685642 0.05020920502092047
1 0.899229852532772 0.45676429567642957 0.08844883795404314 0.06276150627615067
1 0.8986838720515742 0.5244072524407253 0.08080511121727398 0.06415620641562057
1 0.8970459306079809 0.5864714086471409 0.09281668180362558 0.057182705718270554
1 0.8970459306079809 0.6471408647140864 0.08189707217966954 0.05857740585774066
1 0.8964999501267829 0.7154811715481171 0.08954079891643872 0.058577405857740385
1 0.9008677939763655 0.7803347280334728 0.08517295506685642 0.06555090655509062
1 0.9030517159011566 0.9037656903765686 0.08735687699164725 0.0669456066945617
2 0.09936844757799909 0.13528591352859135 0.10046040854039467 0.06694560669456065
2 0.0982764866156035 0.392608089260809 0.08954079891643875 0.0627615062761506
2 0.0977305061344057 0.5195258019525802 0.0971845256532079 0.06555090655509069
2 0.09773050613440569 0.7789400278940027 0.0950006037284167 0.06834030683403071
2 0.8948620086831898 0.13598326359832635 0.10592021335237277 0.07391910739191075
2 0.9025057354199588 0.8417015341701535 0.09281668180362544 0.06834030683403057
0 0.50066410125838 0.5244072524407253 0.12120766682591096 0.07810320781032082
