1 0.09714616214300972 0.3089260808926081 0.047200960137281554 0.09902370990237096
1 0.19923195964922336 0.3096234309623431 0.0406147796530097 0.10599721059972105
1 0.24862831328126223 0.3075313807531381 0.04281017314776705 0.11854951185495122
1 0.399012767672136 0.30683403068340304 0.04500556664252436 0.11715481171548117
1 0.44950681805155357 0.3117154811715481 0.04500556664252429 0.11854951185495124
1 0.4972566265625244 0.304044630404463 0.039517082905631114 0.11157601115760113
1 0.5466529801945633 0.3089260808926081 0.04171247640038835 0.11018131101813115
1 0.6004401208161166 0.3103207810320781 0.05268944387417484 0.10460251046025103
1 0.6503853228218449 0.3096234309623431 0.04500556664252436 0.100418410041841
1 0.6975862829591264 0.3110181311018131 0.04281017314776705 0.11436541143654115
1 0.7486291817122332 0.3075313807531381 0.048298656884660146 0.11854951185495122
1 0.7952812934758255 0.3110181311018131 0.0406147796530098 0.10320781032078102
1 0.8474218889763111 0.3061366806136681 0.04610326338990288 0.10739191073919113
1 0.09824385889038836 0.7252440725244073 0.04281017314776699 0.11157601115760116
1 0.20142735314398066 0.7315202231520224 0.0406147796530097 0.11018131101813111
1 0.2497260100286409 0.7294281729428173 0.04281017314776701 0.10041841004184093
1 0.2963781217922331 0.7322175732217573 0.04610326338990291 0.10878661087866107
1 0.34851871729271855 0.7329149232914923 0.04500556664252429 0.10181311018131112
1 0.4001104644195142 0.7329149232914921 0.04281017314776775 0.10739191073919173
1 0.4989031716835924 0.7294281729428173 0.04500556664252429 0.11157601115760102
1 0.5466529801945633 0.7301255230125523 0.03732168941087373 0.11297071129707106
1 0.6487387777007769 0.7308228730822873 0.048298656884660215 0.11157601115760116
1 0.697037434585437 0.7322175732217573 0.046103263389903025 0.11157601115760116
1 0.7486291817122332 0.7343096234309624 0.04171247640038842 0.10739191073919116
1 0.7969278385968934 0.7315202231520224 0.04390786989514567 0.10181311018131112
1 0.8468730406026217 0.7336122733612274 0.04720096013728167 0.1227336122733611
1 0.8968182426083499 0.7287308228730822 0.04829865688466029 0.11297071129707106
2 0.14873790926980587 0.3089260808926081 0.05159174712679613 0.11297071129707113
2 0.2980246669133011 0.3110181311018131 0.04939635363203884 0.11157601115760113
2 0.34687217217165056 0.3117154811715481 0.04390786989514567 0.1157601115760112
2 0.8979159393557282 0.30892608089260787 0.04829865688466193 0.11018131101813132
2 0.1492867576434952 0.7273361227336121 0.048298656884660236 0.11576011157601115
2 0.44676257618310694 0.7301255230125523 0.048298656884660146 0.1185495118549511
0 0.4967077781888351 0.5216178521617851 0.08891343653766988 0.06973500697350069
2 0.5965981822002915 0.7315202231520224 0.04500556664252429 0.1185495118549511
