1 0.09836635746755844 0.14086471408647142 0.086826170278627 0.06415620641562064
1 0.1000149556374058 0.20502092050209206 0.0945196284045813 0.055788005578800544
1 0.09891589019084086 0.2663877266387727 0.0901233666183217 0.055788005578800544
1 0.10056448836068825 0.33054393305439334 0.0890243011717568 0.061366806136680656
1 0.10056448836068825 0.5244072524407255 0.08682617027862696 0.06415620641562053
1 0.0989158901908409 0.588563458856346 0.09232149751145151 0.05020920502092047
1 0.09561869385114619 0.714086471408647 0.0879252357251919 0.06136680613668048
1 0.09946542291412333 0.7782426778242677 0.0890243011717568 0.05578800557880058
1 0.09781682474427594 0.8410041841004181 0.0857271048320622 0.061366806136681634
1 0.10166355380725314 0.903068340306834 0.09122243206488659 0.04881450488145049
1 0.8973869371202398 0.14295676429567644 0.09122243206488648 0.05997210599721061
1 0.8968374043969574 0.2092050209205021 0.08572710483206208 0.05578800557880058
1 0.8995850680133697 0.2705718270571827 0.09122243206488662 0.0502092050209205
1 0.8957383389503925 0.33124128312412837 0.09012336661832165 0.057182705718270554
1 0.8913420771641328 0.396792189679219 0.08792523572519201 0.05439330543933053
1 0.8951888062271101 0.4609483960948396 0.08242990849236748 0.05439330543933053
1 0.8968374043969576 0.5871687587168758 0.0835289739389323 0.06136680613668062
1 0.8973869371202399 0.6492329149232916 0.08462803938549712 0.05160390516039044
1 0.8979364698435223 0.7126917712691773 0.08792523572519187 0.05299860529986049
1 0.8973869371202399 0.7754532775453278 0.08462803938549712 0.05857740585774053
1 0.8946392735038277 0.8375174337517433 0.08572710483206208 0.057182705718270624
1 0.8979364698435223 0.8988842398884239 0.08572710483206195 0.05997210599721072
0 0.500074778187029 0.5251046025104603 0.10331215197710052 0.06834030683403064
2 0.1000149556374058 0.397489539748954 0.0945196284045813 0.06415620641562064
2 0.09891589019084086 0.45955369595536966 0.08792523572519188 0.057182705718270554
2 0.1000149556374058 0.6499302649930264 0.08352897393893231 0.06136680613668062
2 0.898486002566805 0.5244072524407257 0.08902430117175657 0.05857740585773992
