1 0.09208190693546342 0.30264993026499304 0.04881450488145049 0.1087866108786611
1 0.1436699632306327 0.3089260808926081 0.04548624318498796 0.11018131101813115
1 0.19636744009128948 0.30683403068340304 0.0532521871434005 0.10320781032078098
1 0.24573665525548372 0.3110181311018131 0.043267402054012936 0.10599721059972107
1 0.39661785216178524 0.3054393305439331 0.049923925446938 0.10320781032078105
1 0.4454323570432358 0.3082287308228731 0.04326740205401286 0.09762900976290098
1 0.5486084696335743 0.30474198047419804 0.04992392544693807 0.10460251046025107
1 0.5974229745150247 0.3082287308228731 0.04548624318498796 0.10320781032078102
1 0.8032204894129581 0.308228730822873 0.04881450488145094 0.11436541143654115
1 0.8525897045771523 0.3075313807531381 0.041048560923038054 0.10181311018131098
1 0.9036230505895779 0.3089260808926081 0.04548624318498796 0.10460251046025107
1 0.14422467351337645 0.7322175732217573 0.03993914035755038 0.10320781032078116
1 0.297324711550653 0.7322175732217573 0.04215798148852546 0.10599721059972098
1 0.34724863699759095 0.7336122733612274 0.04881450488145049 0.10320781032078102
1 0.39606314187904146 0.7357043235704325 0.04437682261950045 0.11297071129707106
1 0.4482059084569545 0.7329149232914923 0.042157981488525495 0.10739191073919102
1 0.4986845441866363 0.7322175732217573 0.043267402054013006 0.10878661087866107
1 0.549163179916318 0.7364016736401673 0.04659566375047539 0.11157601115760116
1 0.6007512362114868 0.7315202231520229 0.047705084315963694 0.09902370990237026
1 0.651229871941169 0.7322175732217573 0.042157981488525426 0.10878661087866107
1 0.7000443768226197 0.7350069735006974 0.04881450488145063 0.10599721059972111
1 0.7494135919868137 0.7329149232914923 0.043267402054012936 0.09902370990237103
1 0.8010016482819831 0.7336122733612274 0.05103334601242551 0.10878661087866107
1 0.8520349942944085 0.7336122733612274 0.0443768226195003 0.10041841004184107
2 0.2934417395714467 0.3061366806136681 0.05214276657791306 0.11297071129707109
2 0.34835805756307847 0.3096234309623431 0.053252187143400465 0.10599721059972105
2 0.4981298339038925 0.3061366806136681 0.053252187143400534 0.11297071129707109
2 0.6506751616584253 0.31032078103207816 0.05214276657791302 0.12133891213389124
2 0.6994896665398759 0.3075313807531381 0.04548624318498796 0.11018131101813111
2 0.7488588817040701 0.30683403068340304 0.0443768226195003 0.11715481171548117
2 0.09208190693546342 0.7287308228730822 0.055471028274375576 0.11854951185495124
2 0.19137504754659568 0.7308228730822873 0.054361607708888045 0.11436541143654111
2 0.24407252440725244 0.7315202231520224 0.04437682261950045 0.1185495118549511
2 0.9047324711550654 0.7364016736401675 0.05879928997083795 0.11994421199442129
0 0.49702041333840496 0.5181311018131102 0.099847850893876 0.07670850767085077
