1 0.09359171988548778 0.304044630404463 0.04844747852895839 0.11715481171548117
1 0.24333847170226824 0.3054393305439331 0.04624532041400574 0.1087866108786611
1 0.29563972693239376 0.30404463040446306 0.04514424135652941 0.11994421199442122
1 0.34518828451882855 0.3089260808926081 0.03853776701167142 0.11297071129707113
1 0.44593701827791227 0.3082287308228732 0.050649636643911186 0.111576011157601
1 0.49713719445056165 0.306136680613668 0.04294208324157674 0.11018131101813117
1 0.5477868310944727 0.30613668061366794 0.04954855758643476 0.1213389121338912
1 0.6975335829112528 0.3068340306834029 0.05395287381634059 0.10878661087866126
1 0.798832856199075 0.3103207810320783 0.05175071570138698 0.10739191073919137
1 0.8990310504294209 0.31032078103207816 0.042942083241576785 0.10460251046025108
1 0.09524333847170227 0.7294281729428173 0.040739925126624096 0.1087866108786612
1 0.14479189605813697 0.7315202231520224 0.040739925126624076 0.10460251046025107
1 0.19544153270204803 0.7329149232914923 0.04294208324157672 0.10181311018131112
1 0.24664170887469722 0.7336122733612274 0.046245320414005704 0.10320781032078102
1 0.34463774499009037 0.7329149232914923 0.04404316229905298 0.10739191073919102
1 0.4448359392204361 0.7336122733612274 0.046245320414005774 0.10599721059972111
1 0.4949350363356089 0.7336122733612274 0.04734639947148203 0.1171548117154812
1 0.5455846729795201 0.7336122733612274 0.04514424135652938 0.10599721059972111
1 0.5956837700946928 0.7308228730822873 0.046245320414005704 0.11715481171548106
1 0.6457828672098657 0.7322175732217573 0.04294208324157665 0.11157601115760116
1 0.7470821404976878 0.7329149232914923 0.04294208324157665 0.11576011157601115
1 0.7955296190266462 0.7329149232914923 0.04294208324157665 0.11297071129707106
1 0.8467297951992954 0.7357043235704325 0.04844747852895836 0.11297071129707106
1 0.8990310504294209 0.7322175732217573 0.049548557586434755 0.11994421199442115
2 0.1458929751156133 0.3089260808926081 0.04734639947148203 0.11854951185495115
2 0.19599207223078619 0.3103207810320781 0.046245320414005774 0.11576011157601115
2 0.39473684210526316 0.3110181311018131 0.05615503193129271 0.12273361227336115
2 0.5973353886809073 0.3110181311018131 0.0473463994714821 0.11994421199442126
2 0.6463334067386038 0.31171548117154807 0.04844747852895843 0.12133891213389117
2 0.7454305219114733 0.30962343096234307 0.046245320414005704 0.11715481171548117
2 0.8483814137855099 0.3110181311018131 0.04294208324157665 0.1171548117154812
2 0.29453864787491746 0.7336122733612274 0.047346399471482066 0.1227336122733611
2 0.39418630257652504 0.7322175732217573 0.04844747852895836 0.11436541143654111
2 0.6953314247963004 0.7343096234309624 0.049548557586434755 0.11018131101813097
0 0.4949350363356089 0.5188284518828452 0.09138956177053523 0.06136680613668062
