1 0.0976647489539749 0.13807531380753135 0.08718096234309623 0.06415620641562063
1 0.09711297071129707 0.20223152022315202 0.081663179916318 0.05299860529986056
1 0.10207897489539748 0.3319386331938633 0.08276673640167363 0.04463040446304049
1 0.10042364016736399 0.39609483960948394 0.08607740585774057 0.05299860529986049
1 0.10042364016736399 0.5230125523012553 0.08828451882845187 0.050209205020920536
1 0.10097541841004183 0.7071129707112971 0.08276673640167362 0.05578800557880044
1 0.10097541841004183 0.7761506276150628 0.09159518828451879 0.059972105997210576
1 0.10318253138075313 0.8368200836820082 0.09380230125523013 0.05578800557880058
1 0.10152719665271964 0.900976290097629 0.08166317991631797 0.050209205020920536
1 0.8971914225941421 0.20711297071129706 0.08607740585774039 0.05718270571827059
1 0.900502092050209 0.33263598326359833 0.07945606694560653 0.05439330543933053
1 0.8999503138075313 0.39609483960948394 0.09159518828451865 0.05299860529986049
1 0.8993985355648535 0.4546722454672245 0.08828451882845173 0.05578800557880051
1 0.9021574267782426 0.5202231520223153 0.08938807531380746 0.05578800557880058
1 0.8988467573221758 0.6464435146443515 0.07835251046025092 0.057182705718270554
1 0.8999503138075313 0.7105997210599722 0.0849738493723848 0.05439330543933053
1 0.8999503138075313 0.7775453277545327 0.09159518828451865 0.05997210599721072
1 0.9027092050209206 0.8382147838214783 0.09490585774058573 0.05578800557880058
1 0.8993985355648535 0.900976290097629 0.08166317991631786 0.06136680613668048
2 0.10152719665271967 0.2663877266387727 0.08828451882845187 0.058577405857740565
2 0.10097541841004183 0.4581589958158996 0.08718096234309619 0.059972105997210576
2 0.10042364016736399 0.5878661087866108 0.09049163179916317 0.05439330543933053
2 0.10207897489539747 0.6506276150627615 0.08497384937238492 0.059972105997210506
2 0.8982949790794978 0.1387726638772664 0.09490585774058559 0.06555090655509067
2 0.9027092050209206 0.2698744769874477 0.09490585774058573 0.06555090655509066
2 0.9021574267782426 0.5878661087866108 0.09159518828451879 0.0627615062761506
0 0.4971521966527196 0.5209205020920502 0.10042364016736408 0.06276150627615067
