1 0.09907240267532007 0.1387726638772664 0.09466918477863917 0.06834030683403071
1 0.09852200043823495 0.32705718270571826 0.08916516240778805 0.05997210599721061
1 0.10072360938657539 0.39121338912133896 0.08476194451110715 0.054393305439330464
1 0.10182441386074564 0.4574616457461646 0.08916516240778796 0.05578800557880051
1 0.10127401162366051 0.5843793584379359 0.08586274898527738 0.0585774058577406
1 0.10237481609783075 0.650627615062762 0.08145953108859649 0.05997210599721017
1 0.10017320714949028 0.7119944211994422 0.08806435793361782 0.05160390516039044
1 0.10292521833491584 0.7719665271966528 0.08256033556276669 0.057182705718270624
1 0.10182441386074562 0.8368200836820084 0.08256033556276669 0.0669456066945608
1 0.10127401162366048 0.903068340306834 0.0858627489852774 0.05718270571827064
1 0.8922020263149656 0.13737796373779637 0.09356838030446908 0.06555090655509066
1 0.8955044397374763 0.20292887029288703 0.08256033556276676 0.057182705718270554
1 0.8966052442116466 0.2670850767085076 0.07815711766608587 0.06555090655509066
1 0.8977060486858167 0.33054393305439334 0.08476194451110715 0.05578800557880051
1 0.9004580598712422 0.39260808926080853 0.0836611400369373 0.05718270571827052
1 0.8977060486858163 0.45746164574616444 0.08256033556276642 0.05578800557880055
1 0.8966052442116467 0.5237099023709902 0.08476194451110715 0.0543933054393306
1 0.8960548419745615 0.5822873082287309 0.08145953108859658 0.05439330543933053
1 0.8949540375003912 0.6471408647140865 0.08586274898527733 0.05299860529986056
1 0.8977060486858167 0.7099023709902371 0.09356838030446894 0.05857740585774067
1 0.8988068531599871 0.7747559274755927 0.08476194451110715 0.05160390516039058
1 0.8971556464487317 0.8354253835425384 0.08586274898527733 0.05578800557880044
1 0.8955044397374763 0.8988842398884239 0.08256033556276676 0.05160390516039073
2 0.10182441386074562 0.20711297071129706 0.08916516240778805 0.05718270571827059
2 0.10127401162366048 0.26429567642956764 0.09907240267532004 0.057182705718270554
2 0.1001732071494903 0.5230125523012552 0.0814595310885965 0.0585774058577406
0 0.504168449169962 0.5230125523012553 0.09026596688195848 0.06694560669456075
