0 0.5649191343256664 0.5188284518828452 0.13015561855712357 0.08647140864714081
1 0.389919983324492 0.8389121338912133 0.08859332019434461 0.09902370990237117
2 0.9138236916342584 0.3430962343096235 0.09953076713191805 0.09483960948396096
2 0.5780440706507547 0.2928870292887029 0.11703068223203551 0.08647140864714085
2 0.5971846027915082 0.6052998605299861 0.09843702243816069 0.0669456066945606
2 0.4243729411778483 0.5292887029288703 0.10718697998821945 0.08507670850767092
2 0.3598420042461652 0.19107391910739188 0.11374944815076347 0.07252440725244075
2 0.20999898120140947 0.3821478382147838 0.09843702243816072 0.09205020920502094
2 0.21054585354828814 0.6129707112970713 0.09734327774440338 0.07391910739191082
2 0.2832798756831514 0.6764295676429569 0.09624953305064601 0.052998605299860356
2 0.3921074727120064 0.7524407252440726 0.10171825651943238 0.06834030683403074
2 0.10445261825382605 0.6994421199442119 0.09953076713191802 0.07391910739191075
2 0.388279366283856 0.9246861924686192 0.09406204366313134 0.05857740585774067
