1 0.09954194012875764 0.1401673640167364 0.08848172455889568 0.0599721059972106
1 0.0995419401287576 0.2078103207810321 0.0862696814449233 0.06694560669456079
1 0.09788290779327832 0.5181311018131102 0.08295161677396468 0.057182705718270554
1 0.10009495090725068 0.585774058577406 0.08516365988793709 0.05578800557880007
1 0.10064796168574382 0.6478382147838215 0.08626968144492327 0.054393305439330464
1 0.10064796168574382 0.7119944211994419 0.07963355210300606 0.05718270571827114
1 0.10286000479971619 0.7740585774058577 0.09069376767286805 0.05299860529986063
1 0.09898892935026453 0.8354253835425384 0.08737570300190946 0.05578800557880044
1 0.10396602635670238 0.8974895397489538 0.08848172455889564 0.057182705718270624
1 0.897536493494298 0.14295676429567644 0.08516365988793709 0.06276150627615064
1 0.8980895042727909 0.20711297071129706 0.08626968144492324 0.05439330543933053
1 0.8980895042727909 0.2684797768479777 0.08184559521697836 0.05160390516039051
1 0.898089504272791 0.33472803347280333 0.09069376767286798 0.061366806136680586
1 0.8958774611588186 0.396792189679219 0.0818455952169785 0.057182705718270554
1 0.8969834827158047 0.45676429567642957 0.0840576383309508 0.05160390516039044
1 0.8964304719373116 0.5209205020920503 0.08516365988793695 0.057182705718270554
1 0.8969834827158047 0.5850767085076708 0.08626968144492324 0.057182705718270624
1 0.8969834827158047 0.6499302649930264 0.0840576383309508 0.05020920502092047
1 0.8997485366082703 0.7071129707112971 0.08516365988793709 0.050209205020920536
1 0.8953244503803255 0.8368200836820084 0.08516365988793695 0.05857740585774053
2 0.10009495090725071 0.2691771269177127 0.08958774611588187 0.05857740585774059
2 0.10009495090725071 0.33263598326359833 0.09179978922985425 0.059972105997210576
2 0.09954194012875762 0.397489539748954 0.09069376767286805 0.0585774058577406
2 0.09954194012875762 0.45606694560669453 0.08626968144492327 0.0585774058577406
2 0.8991955258297771 0.7719665271966528 0.09511785390081286 0.06834030683403071
2 0.8958774611588186 0.901673640167364 0.08848172455889568 0.059972105997210576
0 0.508216905435157 0.5230125523012552 0.10507204791368864 0.06694560669456066
