1 0.10577195271828436 0.14016736401673638 0.08220618086913291 0.0711297071129707
1 0.10467587030669594 0.20432357043235705 0.07782185122277917 0.05160390516039051
1 0.10467587030669591 0.26778242677824265 0.08439834569230978 0.05299860529986056
1 0.10467587030669591 0.32914923291492326 0.08439834569230978 0.055788005578800544
1 0.10577195271828436 0.39330543933054385 0.08220618086913291 0.05020920502092047
1 0.10631999392407859 0.4553695955369595 0.08330226328072136 0.054393305439330464
1 0.10522391151249016 0.5822873082287309 0.08987875775025202 0.05439330543933053
1 0.10631999392407859 0.6429567642956765 0.08549442810389825 0.05299860529986042
1 0.10248370548351905 0.7112970711297072 0.08659051051548669 0.06136680613668077
1 0.10467587030669594 0.7754532775453278 0.07782185122277917 0.05299860529986063
1 0.1035797878951075 0.8340306834030683 0.08439834569230982 0.050209205020920536
1 0.10631999392407859 0.8960948396094838 0.07891793363436761 0.05439330543933053
1 0.8927591242387837 0.20223152022315205 0.08878267533866363 0.061366806136680586
1 0.899335618708314 0.26708507670850773 0.08439834569231057 0.05439330543933055
1 0.8998836599141085 0.39539748953974896 0.0854944281038982 0.059972105997210576
1 0.8965954126793428 0.4581589958158993 0.08549442810389805 0.05718270571827052
1 0.8949512890619604 0.5202231520223153 0.08659051051548673 0.05578800557880058
1 0.8965954126793432 0.5822873082287309 0.08111009845754466 0.059972105997210576
1 0.8949512890619612 0.6436541143654115 0.08439834569230895 0.05439330543932996
1 0.8949512890619604 0.7099023709902371 0.08439834569230996 0.05299860529986049
1 0.8971434538851375 0.7712691771269178 0.08001401604595614 0.05857740585774053
1 0.8993356187083142 0.8354253835425384 0.080014016045956 0.05299860529986063
2 0.10631999392407859 0.5230125523012553 0.08768659292707513 0.06136680613668062
2 0.8938552066503721 0.13947001394700137 0.09755133463137099 0.07252440725244069
2 0.8993356187083142 0.3263598326359833 0.09535916980819423 0.06415620641562061
2 0.8982395362967259 0.8953974895397491 0.09097484016184054 0.06694560669456066
0 0.5009096620959167 0.5195258019525802 0.09864741704295944 0.06555090655509069
