1 0.10065638075313807 0.13877266387726642 0.08910564853556485 0.06276150627615064
1 0.10065638075313807 0.20362622036262207 0.0913057880055788 0.05299860529986056
1 0.10175645048814505 0.2698744769874477 0.09570606694560668 0.06555090655509069
1 0.10340655509065552 0.32845188284518834 0.09680613668061368 0.05439330543933053
1 0.09955631101813112 0.395397489539749 0.0869055090655509 0.05439330543933053
1 0.10230648535564853 0.45676429567642957 0.08140516039051601 0.04881450488145055
1 0.10120641562064157 0.5850767085076709 0.09240585774058578 0.06276150627615067
1 0.102856520223152 0.6499302649930265 0.08470536959553694 0.06415620641562064
1 0.10230648535564853 0.7092050209205023 0.09240585774058578 0.059972105997210576
1 0.10065638075313807 0.8389121338912134 0.08910564853556485 0.07112970711297066
1 0.8998570432357045 0.1380753138075314 0.09240585774058573 0.06136680613668062
1 0.8982069386331939 0.20292887029288706 0.08690550906555075 0.059972105997210576
1 0.8993070083682008 0.39470013947001403 0.08690550906555089 0.06415620641562064
1 0.9026072175732218 0.4567642956764296 0.08910564853556494 0.057182705718270624
1 0.899307008368201 0.580195258019526 0.0891056485355648 0.05578800557880065
1 0.8993070083682008 0.7133891213389123 0.07810495118549525 0.06555090655509062
1 0.8987569735006974 0.776847977684798 0.08580543933054387 0.050209205020920536
1 0.9004070781032079 0.8382147838214786 0.09350592747559276 0.05299860529986049
1 0.8982069386331939 0.8995815899581592 0.08690550906555075 0.05299860529986063
2 0.103956589958159 0.5223152022315203 0.09350592747559276 0.0627615062761506
2 0.10010634588563459 0.7726638772663879 0.0880055788005579 0.05578800557880044
2 0.10450662482566248 0.8988842398884241 0.1210076708507671 0.06834030683403071
2 0.9009571129707113 0.26847977684797775 0.09460599721059965 0.05997210599721061
2 0.8998570432357045 0.33054393305439334 0.09680613668061355 0.061366806136680586
2 0.8998570432357045 0.5181311018131103 0.08800557880055791 0.059972105997210576
2 0.8993070083682008 0.6478382147838216 0.0913057880055787 0.06276150627615074
0 0.5093322873082288 0.5188284518828453 0.11000697350069735 0.07252440725244078
