1 0.09462935318152826 0.304044630404463 0.04401365264257128 0.10878661087866102
1 0.14634539503654956 0.30404463040446306 0.0462143352746998 0.1059972105997211
1 0.19751126623353862 0.3033472803347281 0.04511399395863552 0.10739191073919108
1 0.24427577216627067 0.299860529986053 0.03961228737831412 0.11157601115760109
1 0.2970921553373562 0.30474198047419804 0.0440136526425713 0.10181311018131108
1 0.3471576852182811 0.3054393305439331 0.04291331132650704 0.10320781032078105
1 0.3966730444411738 0.301952580195258 0.04951535922289267 0.11576011157601115
1 0.4478389156381629 0.303347280334728 0.039612287378314195 0.10181311018131105
1 0.49790444551908764 0.30404463040446295 0.049515359222893005 0.1087866108786612
1 0.5490703167160769 0.30264993026499304 0.04181297001044278 0.1087866108786611
1 0.5996860172550338 0.299860529986053 0.04841501790682841 0.10599721059972105
1 0.6481010351618623 0.30404463040446306 0.04621433527469982 0.11436541143654118
1 0.6987167357008193 0.301255230125523 0.039612287378314195 0.10878661087866107
1 0.7509829482138727 0.30474198047419804 0.04731467659076415 0.11018131101813107
1 0.7977474541466048 0.3054393305439331 0.039612287378314195 0.11157601115760113
1 0.8472628133694974 0.30264993026499304 0.041812970010442714 0.1087866108786611
1 0.09352901186546399 0.7252440725244074 0.044013652642571295 0.10599721059972111
1 0.14579522437851733 0.7301255230125518 0.0473146765907643 0.1101813110181324
1 0.19751126623353868 0.7287308228730822 0.042913311326507005 0.10181311018131098
1 0.29764232599538837 0.7294281729428173 0.042913311326507005 0.10320781032078102
1 0.34495700258615253 0.7315202231520224 0.03851194606224993 0.1129707112970712
1 0.3961228737831416 0.7266387726638776 0.04401365264257154 0.10320781032078076
1 0.49955495749318446 0.7322175732217576 0.05281638317108528 0.10878661087866061
1 0.5980355052809374 0.7252440725244071 0.047314676590764215 0.11994421199442144
1 0.6497515471359587 0.7294281729428173 0.04291331132650697 0.11436541143654111
1 0.6992669063588514 0.7259414225941423 0.04291331132650697 0.10739191073919102
1 0.7493324362397763 0.7259414225941424 0.03961228737831405 0.10460251046025107
1 0.7988477954626689 0.7259414225941424 0.041812970010442714 0.11576011157601115
1 0.849463496001626 0.7273361227336121 0.04621433527469975 0.12412831241283115
1 0.9011795378566473 0.7259414225941423 0.04621433527469989 0.10739191073919102
2 0.8989788552245187 0.3068340306834031 0.05061570053895693 0.11436541143654115
2 0.2459262841403671 0.7287308228730822 0.04731467659076415 0.11854951185495124
2 0.4478389156381628 0.7287308228730822 0.050615700538957004 0.11297071129707106
0 0.4951535922289271 0.5223152022315203 0.0880273052851426 0.0822873082287309
2 0.5474198047419805 0.7308228730822873 0.04511399395863556 0.11436541143654111
