1 0.09667584785853955 0.30264993026499304 0.05273228065011249 0.1171548117154812
1 0.1488588339185467 0.30264993026499304 0.042844978028216386 0.1087866108786611
1 0.24992903849792897 0.302649930264993 0.0428449780282164 0.11157601115760109
1 0.3515485376674165 0.303347280334728 0.04174638884800579 0.11297071129707113
1 0.4020836399571077 0.303347280334728 0.041746388848005724 0.11297071129707113
1 0.45152015306658816 0.30264993026499304 0.043943567208427084 0.1171548117154812
1 0.49985807699585794 0.304044630404463 0.046140745568848375 0.11157601115760113
1 0.5498438846954437 0.301952580195258 0.04723933474905905 0.11297071129707109
1 0.6009282815752403 0.299163179916318 0.046140745568848375 0.1157601115760112
1 0.7014491915645172 0.29916317991631797 0.04723933474905905 0.11854951185495118
1 0.7519842938542083 0.301952580195258 0.04504215638863769 0.12133891213389124
1 0.8514066146632746 0.303347280334728 0.048337923929269805 0.11018131101813107
1 0.9030403061331762 0.3054393305439331 0.048337923929269805 0.1199442119944212
1 0.09942232080906624 0.7287308228730822 0.049436513109480454 0.10460251046025107
1 0.1505067176888627 0.7308228730822873 0.04394356720842705 0.10599721059972111
1 0.2004925253884485 0.7315202231520224 0.0428449780282164 0.11018131101813111
1 0.24937974390782358 0.7266387726638773 0.04174638884800569 0.11157601115760116
1 0.2988162570173041 0.7322175732217573 0.043943567208427084 0.10320781032078116
1 0.3504499484872059 0.7294281729428173 0.043943567208427084 0.11436541143654111
1 0.39988646159668634 0.7322175732217573 0.041746388848005724 0.10878661087866107
1 0.4504215638863775 0.7301255230125523 0.046140745568848444 0.10460251046025107
1 0.4987594878156472 0.7287308228730823 0.043943567208427084 0.11018131101813111
1 0.6525619730451421 0.7273361227336124 0.043943567208427015 0.10739191073919102
1 0.7003506023843065 0.7343096234309624 0.04284497802821633 0.10460251046025107
1 0.7552800613948404 0.7357043235704325 0.04943651310948056 0.11297071129707106
1 0.8047165745043208 0.7308228730822873 0.04284497802821633 0.10320781032078102
1 0.905786779083703 0.7315202231520224 0.0472393347490592 0.1129707112970712
2 0.20159111456865916 0.3054393305439331 0.049436513109480454 0.1087866108786611
2 0.30046414078762007 0.3061366806136681 0.05163369146990185 0.11018131101813115
2 0.6514633838649313 0.30474198047419804 0.048337923929269874 0.11018131101813107
2 0.80361798532411 0.3075313807531381 0.04943651310948041 0.11297071129707117
2 0.5514917684657598 0.7315202231520224 0.05492945901053375 0.12412831241283129
2 0.6014775761653458 0.7336122733612273 0.04504215638863769 0.12552301255230125
2 0.8563502659742223 0.7294281729428173 0.05163369146990169 0.11994421199442114
0 0.49930878240575255 0.52092050209205 0.0911829019574863 0.07112970711297126
