1 0.09370914989789114 0.3082287308228731 0.044098423481360546 0.10320781032078102
1 0.1466272580755238 0.304044630404463 0.046303344655428534 0.11157601115760113
1 0.19513552390502042 0.3061366806136681 0.03968858113322451 0.11018131101813115
1 0.29711312820566677 0.30195258019525795 0.04740580524246244 0.11854951185495148
1 0.34837754550274824 0.3068340306834031 0.039688581133224474 0.10878661087866114
1 0.39909073250631294 0.30683403068340304 0.044098423481360595 0.11157601115760113
1 0.4498039195098775 0.3103207810320781 0.04189350230729247 0.10739191073919109
1 0.4961072641653061 0.30474198047419804 0.04630334465542852 0.11297071129707117
1 0.5479229117559048 0.3061366806136681 0.044098423481360456 0.11297071129707109
1 0.648246825176 0.306136680613668 0.044098423481360484 0.1157601115760112
1 0.6984087818860476 0.3089260808926081 0.042995962894326424 0.1157601115760112
1 0.9012615299003061 0.3096234309623431 0.04961072641653061 0.11436541143654118
1 0.14828094895607483 0.7350069735006974 0.040791041720258485 0.11157601115760102
1 0.245297480615068 0.7329149232914923 0.040791041720258506 0.11018131101813111
1 0.29766435849918366 0.7336122733612274 0.044098423481360526 0.11157601115760102
1 0.3974370416257619 0.7322175732217573 0.04520088406839449 0.11436541143654111
1 0.4464965377487755 0.7350069735006974 0.04189350230729254 0.1171548117154812
1 0.4977609550458571 0.7343096234309624 0.047405805242462545 0.11854951185495124
1 0.5479229117559048 0.7377963737796374 0.044098423481360456 0.10320781032078089
1 0.5991873290529863 0.7322175732217573 0.04520088406839463 0.10599721059972098
1 0.649349285763034 0.7315202231520224 0.04630334465542859 0.10460251046025107
1 0.6973063212990135 0.7329149232914923 0.04520088406839449 0.11018131101813111
1 0.7474682780090611 0.7329149232914923 0.04630334465542859 0.11018131101813111
1 0.7976302347191089 0.7315202231520224 0.04299596289432657 0.11018131101813111
2 0.245297480615068 0.3075313807531381 0.051815647590598674 0.11576011157601113
2 0.5958799472918843 0.3124128312412831 0.04961072641653061 0.11157601115760109
2 0.7491219688896122 0.3103207810320781 0.04299596289432657 0.11297071129707117
2 0.7987326953061428 0.3110181311018131 0.04961072641653061 0.12273361227336115
2 0.8494458823097074 0.3152022315202231 0.04520088406839463 0.12831241283124126
0 0.4977609550458571 0.5209205020920502 0.09150422872382315 0.06555090655509062
2 0.09646530136547618 0.7329149232914923 0.04961072641653061 0.11297071129707106
2 0.1956867541985374 0.7343096234309624 0.047405805242462545 0.11297071129707106
2 0.34837754550274824 0.7329149232914923 0.04850826582949658 0.11297071129707106
2 0.8483434217226734 0.7315202231520224 0.04740580524246269 0.11576011157601102
2 0.9007102996067892 0.7308228730822873 0.048508265829496654 0.11994421199442115
