0 0.4984682993830862 0.5181311018131102 0.1097850092078432 0.07670850767085077
1 0.9309546992927717 0.5585774058577405 0.07651682459940588 0.09065550906555081
2 0.936499396727511 0.4721059972105997 0.0920419774166766 0.07112970711297074
2 0.9353904572405634 0.6478382147838215 0.08760621946888505 0.06834030683403064
2 0.8344769639283033 0.6624825662482565 0.09425985639057269 0.07531380753138074
2 0.7501975629202624 0.7845188284518824 0.09204197741667638 0.0655509065550906
2 0.6659181619122208 0.8005578800557879 0.09425985639057259 0.06694560669456066
2 0.6054809598735598 0.6924686192468619 0.08206152203414555 0.057182705718270624
2 0.7751487013765902 0.21408647140864714 0.09315091690362451 0.07391910739191072
2 0.3021860101933059 0.4930264993026499 0.08982409844278089 0.07112970711297066
2 0.13861743586848896 0.3158995815899582 0.10424031177310371 0.08228730822873082
2 0.18186607585945747 0.6450488145048814 0.0864972799819371 0.0627615062761506
2 0.2472935055893843 0.7266387726638771 0.09758667485141619 0.06415620641562057
2 0.164123044068291 0.855648535564853 0.09536879587752028 0.07112970711297137
2 0.0338226543519113 0.9776847977684798 0.06320955075603096 0.039051603905160305
2 0.018851971278114495 0.5104602510460251 0.03548606358233317 0.06415620641562064
