1 0.10015483091660948 0.3110181311018131 0.04537401179647503 0.10878661087866107
1 0.1494022339640031 0.3117154811715481 0.03984059572373416 0.10460251046025107
1 0.19809629540412266 0.3110181311018131 0.042053962152830485 0.10320781032078102
1 0.2495570648806126 0.3103207810320781 0.043160645367378694 0.10739191073919109
1 0.2988044679280062 0.3117154811715481 0.042053962152830485 0.10460251046025107
1 0.3984059572373416 0.3110181311018131 0.04648069501102313 0.10878661087866107
1 0.45042006832110565 0.3124128312412831 0.04426732858192679 0.11157601115760109
1 0.5007741545830475 0.3103207810320781 0.038733912509186015 0.10460251046025103
1 0.5987156190705606 0.3110181311018131 0.04426732858192686 0.10878661087866107
1 0.6485163637252284 0.3089260808926081 0.042053962152830596 0.10460251046025107
1 0.7032971828453628 0.31311018131101814 0.04094727893828235 0.10739191073919109
1 0.750884561070934 0.31450488145048816 0.043160645367378694 0.10460251046025107
1 0.8001319641183278 0.3138075313807532 0.04205396215283045 0.100418410041841
1 0.8493793671657214 0.3131101813110181 0.04537401179647503 0.10460251046025103
1 0.9019468198567594 0.31450488145048816 0.04426732858192693 0.10460251046025107
1 0.10070817252388357 0.7343096234309624 0.042053962152830485 0.10460251046025107
1 0.15106225878582535 0.7336122733612274 0.04537401179647502 0.10320781032078102
1 0.2993578095352803 0.7350069735006974 0.045374011796475065 0.10599721059972111
1 0.40227934848826025 0.7329149232914923 0.043160645367378694 0.10739191073919102
1 0.4476533602847353 0.7391910739191074 0.04316064536737862 0.10599721059972098
1 0.5029875210121438 0.7357043235704324 0.04094727893828235 0.10739191073919102
1 0.5522349240595374 0.7350069735006974 0.046480695011023275 0.10320781032078104
1 0.600928985499657 0.7350069735006973 0.04648069501102313 0.10041841004184107
1 0.6496230469397765 0.7350069735006974 0.048694061440119396 0.09762900976290098
1 0.7010838164162664 0.7322175732217573 0.047587378225571374 0.10320781032078116
1 0.7503312194636601 0.7350069735006974 0.04648069501102313 0.10599721059972111
1 0.7990252809037799 0.7391910739191074 0.04205396215283044 0.10599721059972106
1 0.9019468198567595 0.7370990237099023 0.046480695011023275 0.11018131101813111
2 0.34639184615357765 0.31311018131101814 0.05090742786921588 0.11297071129707113
2 0.5489148744158932 0.3138075313807531 0.05312079429831225 0.11436541143654116
2 0.19754295379684855 0.7336122733612274 0.04537401179647503 0.10878661087866107
2 0.2501104064878867 0.7336122733612274 0.04869406144011954 0.11994421199442115
2 0.349158554189948 0.7357043235704325 0.05201411108376405 0.11576011157601115
2 0.8499327087729955 0.7315202231520219 0.05312079429831225 0.11297071129707162
0 0.5029875210121437 0.5264993026499303 0.09849480609478725 0.06834030683403071
