1 0.09786581278283596 0.13389121338912133 0.08638434871334123 0.0725244072524407
1 0.09786581278283596 0.20223152022315205 0.09075823978743446 0.0502092050209205
1 0.09677234001431266 0.39818688981868916 0.08857129425038789 0.05997210599721046
1 0.096225603630051 0.4588563458856346 0.08529087594481793 0.04741980474198037
1 0.10005275831988257 0.5244072524407253 0.09294518532448105 0.05578800557880058
1 0.09786581278283596 0.5836820083682008 0.08638434871334123 0.05160390516039051
1 0.09786581278283596 0.6492329149232916 0.08638434871334127 0.059972105997210756
1 0.09786581278283596 0.7768479776847979 0.08419740317629461 0.05299860529986063
1 0.0973190763985743 0.8396094839609485 0.08529087594481792 0.05020920502092053
1 0.09895928555135929 0.9051603905160388 0.09513213086152772 0.06136680613668048
1 0.897741142957635 0.14086471408647142 0.0896647670189111 0.06415620641562064
1 0.8971944065733731 0.203626220362622 0.08419740317629461 0.05299860529986052
1 0.8955541974205883 0.26778242677824265 0.09185171255595775 0.05299860529986056
1 0.897741142957635 0.3319386331938633 0.08747782148186445 0.055788005578800544
1 0.8982878793418966 0.4588563458856346 0.09075823978743443 0.05578800557880051
1 0.897741142957635 0.5251046025104603 0.0918517125559579 0.05439330543933053
1 0.8993813521104198 0.5850767085076708 0.08419740317629461 0.057182705718270624
1 0.8966476701891116 0.6513249651324965 0.08966476701891125 0.06136680613668055
1 0.8999280884946816 0.714086471408647 0.09185171255595762 0.05299860529986049
1 0.8966476701891116 0.7789400278940027 0.09622560363005107 0.05439330543933053
1 0.9015682976474665 0.8403068340306834 0.08857129425038777 0.05160390516039044
1 0.897741142957635 0.9037656903765691 0.08529087594481793 0.05857740585774053
2 0.09786581278283596 0.2691771269177127 0.0929451853244811 0.0585774058577406
2 0.10278644024119085 0.33054393305439334 0.08966476701891116 0.058577405857740565
2 0.09841254916709762 0.7126917712691773 0.09185171255595778 0.06694560669456066
2 0.8988346157261582 0.39539748953974896 0.09622560363005107 0.059972105997210576
0 0.5029974735207212 0.5237099023709902 0.09185171255595775 0.0627615062761506
