1 0.10114623108840591 0.19456066945606698 0.08638434871334125 0.05997210599721064
1 0.10005275831988257 0.26429567642956764 0.08638434871334123 0.057182705718270554
1 0.10005275831988257 0.32914923291492326 0.09294518532448101 0.06694560669456083
1 0.10169296747266753 0.3905160390516039 0.09403865809300438 0.05020920502092047
1 0.1011462310884059 0.4532775453277545 0.08857129425038787 0.06136680613668062
1 0.1033331766254525 0.5216178521617852 0.08857129425038784 0.05299860529986056
1 0.1022397038569292 0.5815899581589958 0.0951321308615277 0.06136680613668055
1 0.10005275831988257 0.6471408647140865 0.08638434871334123 0.06136680613668055
1 0.10059949470414424 0.7071129707112971 0.08529087594481792 0.05578800557880044
1 0.09950602193562091 0.8361227336122732 0.08747782148186455 0.05439330543933053
1 0.09895928555135929 0.900278940027894 0.08201045763924801 0.057182705718270624
1 0.897741142957635 0.13389121338912133 0.09841254916709757 0.06415620641562063
1 0.8944607246520649 0.200836820083682 0.0896647670189111 0.055788005578800544
1 0.9032085068002516 0.26429567642956764 0.09185171255595781 0.05439330543933049
1 0.8993813521104199 0.3284518828451883 0.09075823978743443 0.05718270571827059
1 0.897741142957635 0.39330543933054385 0.08529087594481793 0.05020920502092047
1 0.8971944065733727 0.45676429567642957 0.08201045763924891 0.06555090655509078
1 0.9004748248789431 0.5188284518828452 0.09075823978743443 0.06415620641562071
1 0.9026617704159898 0.5794979079497908 0.08419740317629461 0.057182705718270554
1 0.8999280884946816 0.6450488145048814 0.09185171255595762 0.059972105997210576
1 0.9015682976474665 0.7099023709902371 0.08201045763924796 0.06415620641562071
1 0.9015682976474665 0.8389121338912133 0.08857129425038777 0.06834030683403057
1 0.8993813521104198 0.900976290097629 0.08201045763924811 0.055788005578800724
2 0.09895928555135929 0.1324965132496513 0.0973190763985743 0.06415620641562064
2 0.10169296747266753 0.7726638772663879 0.09403865809300438 0.06694560669456066
2 0.8966476701891115 0.7726638772663879 0.10059949470414502 0.05578800557880093
0 0.4980768460623662 0.5132496513249651 0.09731907639857433 0.07810320781032075
