1 0.10020651288491031 0.14435146443514643 0.08589129675849456 0.0627615062761506
1 0.10020651288491031 0.20502092050209206 0.09029597864354554 0.05299860529986052
1 0.10295943906306718 0.2698744769874477 0.08479012628723179 0.05439330543933053
1 0.09910534241364757 0.4553695955369595 0.08589129675849456 0.054393305439330464
1 0.10075709812054168 0.5850767085076708 0.08699246722975724 0.06276150627615065
1 0.09965592764927894 0.6457461645746163 0.0781831034596553 0.0557880055788006
1 0.09690300147112203 0.7099023709902371 0.08148661487344352 0.047419804741980445
1 0.10020651288491028 0.7754532775453277 0.08368895581596904 0.061366806136680684
1 0.8908469112515652 0.1422594142259414 0.09470066052859664 0.0502092050209205
1 0.8924986669584594 0.20502092050209206 0.08258778534470622 0.0502092050209205
1 0.8935998374297222 0.33124128312412837 0.08038544440218075 0.057182705718270554
1 0.8963527636078789 0.39609483960948405 0.07708193298839248 0.05299860529986025
1 0.8958021783722476 0.4581589958158996 0.07818310345965529 0.05439330543933053
1 0.8985551045504044 0.5216178521617852 0.08589129675849463 0.05578800557880058
1 0.8941504226653535 0.5843793584379359 0.0880936377010201 0.05299860529986056
1 0.8974539340791418 0.714783821478382 0.0880936377010201 0.059972105997210576
1 0.8963527636078781 0.7726638772663885 0.08148661487344565 0.05857740585774194
1 0.8958021783722476 0.8361227336122734 0.08699246722975744 0.057182705718270485
1 0.8958021783722476 0.8995815899581591 0.08479012628723183 0.05857740585774053
2 0.09855475717801618 0.3340306834030684 0.0913971491148083 0.05997210599721061
2 0.09910534241364755 0.39330543933054385 0.08809363770102006 0.05578800557880038
2 0.09800417194238481 0.5195258019525802 0.09249831958607108 0.06276150627615067
2 0.10185826859180444 0.8354253835425384 0.08919480817228281 0.05857740585774053
2 0.10020651288491031 0.901673640167364 0.09249831958607108 0.059972105997210576
2 0.8963527636078791 0.2663877266387727 0.09029597864354556 0.061366806136680586
2 0.8952515931366163 0.6464435146443515 0.09470066052859664 0.06834030683403064
0 0.49717846777513186 0.5216178521617854 0.10461119476996109 0.06694560669456108
