1 0.09811352097760519 0.1408647140864714 0.08721201864676016 0.06973500697350067
1 0.09702337074452069 0.202928870292887 0.09157261957909818 0.05439330543933057
1 0.1013839716768587 0.2684797768479777 0.07849081678208415 0.05718270571827059
1 0.10301919702648546 0.3312412831241284 0.08176126748133765 0.05997210599721034
1 0.10192904679340094 0.5223152022315203 0.0861218684136757 0.05997210599721038
1 0.10029382144377413 0.6471408647140862 0.08067111724825311 0.05299860529986096
1 0.1002938214437742 0.7126917712691773 0.07849081678208417 0.05857740585774067
1 0.1002938214437742 0.7754532775453278 0.08067111724825317 0.05299860529986063
1 0.1002938214437742 0.8403068340306834 0.08067111724825317 0.05160390516039044
1 0.10465442237611221 0.9037656903765691 0.08503171818059116 0.050209205020920536
1 0.8961034915954608 0.1422594142259414 0.08939231911292936 0.055788005578800544
1 0.8950133413623758 0.2670850767085077 0.08503171818059109 0.04881450488145052
1 0.8961034915954608 0.3319386331938633 0.0850317181805913 0.061366806136680586
1 0.8961034915954608 0.39400278940027894 0.08067111724825324 0.05439330543933053
1 0.8922879657796651 0.5857740585774058 0.0839415679475067 0.05578800557880058
1 0.8944682662458341 0.6478382147838215 0.08176126748133783 0.05160390516039065
1 0.8977387169450876 0.7147838214783822 0.0795809670151688 0.057182705718270485
1 0.8971936418285452 0.8423988842398884 0.08067111724825324 0.05299860529986063
1 0.8944682662458341 0.9051603905160391 0.07740066654899977 0.05299860529986063
2 0.10301919702648547 0.396792189679219 0.08394156794750668 0.059972105997210576
2 0.10247412190994322 0.4574616457461646 0.08939231911292918 0.06136680613668062
2 0.10519949749265446 0.5843793584379359 0.0904824693460137 0.0585774058577406
2 0.8966485667120031 0.2078103207810321 0.09266276981218269 0.06136680613668062
2 0.8966485667120031 0.4581589958158996 0.08612186841367574 0.059972105997210576
2 0.8950133413623763 0.5230125523012552 0.08939231911292922 0.0585774058577406
2 0.8971936418285453 0.7754532775453278 0.08721201864676033 0.0725244072524407
0 0.49819865651961714 0.5244072524407248 0.09811352097760605 0.06415620641562128
