0 0.49677417090224935 0.5292887029288703 0.1039004801887058 0.08228730822873082
1 0.9626818258403302 0.5299860529986052 0.07463634831933945 0.09762900976290098
2 0.5795698660526242 0.3919107391910739 0.10931196353186749 0.08089260808926085
2 0.95564689749422 0.4365411436541144 0.08870620501155997 0.08926080892608085
2 0.43345981578725656 0.4644351464435145 0.09632440350827892 0.05857740585774021
2 0.18236698866455123 0.5613668061366807 0.10931196353186752 0.0822873082287309
2 0.30250191888274225 0.6422594142259415 0.08550143682195578 0.07949790794979072
2 0.26840957382082314 0.7085076708507672 0.09091292016511751 0.07810320781032075
2 0.3528287139741466 0.9267782426778243 0.10390048018870573 0.06276150627615067
2 0.7889942714329843 0.714086471408647 0.09740670017691158 0.08926080892608085
2 0.8809894882667344 0.6959553695955362 0.08658373349058769 0.06415620641562042
2 0.9091292016511753 0.7656903765690376 0.09740670017691172 0.06415620641562057
2 0.9085880533168591 0.6380753138075315 0.09632440350827935 0.096234309623431
2 0.9578114908314848 0.6164574616457462 0.0843770183370306 0.0753138075313808
