1 0.10145397489539748 0.3082287308228731 0.04989539748953973 0.11715481171548117
1 0.1496861924686192 0.31101813110181314 0.04213389121338925 0.10599721059972103
1 0.20013598326359833 0.3075313807531381 0.0476778242677824 0.11297071129707117
1 0.2528033472803347 0.3103207810320781 0.04213389121338913 0.10460251046025103
1 0.3498221757322175 0.3096234309623429 0.04989539748953999 0.12273361227336141
1 0.5000627615062762 0.3103207810320781 0.04878661087866114 0.10181311018131105
1 0.5505125523012553 0.3138075313807531 0.0432426778242678 0.10878661087866107
1 0.600407949790795 0.3124128312412831 0.0432426778242678 0.10599721059972105
1 0.6514121338912134 0.31241283124128316 0.045460251046025135 0.11436541143654115
1 0.7001987447698745 0.3089260808926081 0.041025104602510395 0.11018131101813115
1 0.7495397489539749 0.3103207810320781 0.04656903765690373 0.11854951185495122
1 0.8010983263598328 0.3131101813110182 0.04102510460251054 0.1157601115760112
1 0.8504393305439331 0.3089260808926081 0.04656903765690387 0.11018131101813115
1 0.9008891213389123 0.3103207810320781 0.038807531380753206 0.11576011157601115
1 0.0997907949790795 0.7287308228730822 0.04435146443514646 0.10739191073919116
1 0.15079497907949793 0.7301255230125523 0.03769874476987448 0.09902370990237103
1 0.20179916317991622 0.7245467224546727 0.044351464435146676 0.11297071129707033
1 0.2500313807531381 0.7287308228730823 0.0432426778242678 0.11018131101813111
1 0.3015899581589958 0.7294281729428173 0.04213389121338913 0.11157601115760102
1 0.34982217573221774 0.7308228730822871 0.04546025104602508 0.11436541143654128
1 0.3997175732217573 0.7294281729428173 0.041025104602510465 0.11157601115760102
1 0.44905857740585775 0.7287308228730822 0.0465690376569038 0.10181311018131098
1 0.5011715481171548 0.7336122733612274 0.035481171548117134 0.11436541143654111
1 0.5516213389121339 0.7343096234309624 0.0476778242677824 0.10460251046025107
1 0.600407949790795 0.7350069735006974 0.0432426778242678 0.1171548117154812
1 0.6519665271966528 0.7301255230125523 0.04878661087866114 0.11297071129707106
1 0.7007531380753139 0.7294281729428173 0.04656903765690373 0.10320781032078102
1 0.7512029288702929 0.7308228730822873 0.04324267782426773 0.11157601115760116
1 0.7988807531380755 0.7301255230125523 0.045460251046025205 0.10739191073919116
1 0.848776150627615 0.7308228730822873 0.04324267782426773 0.11157601115760116
1 0.9019979079497908 0.7280334728033473 0.04989539748953973 0.11994421199442115
2 0.3026987447698745 0.3138075313807531 0.05100418410041847 0.1199442119944212
2 0.402489539748954 0.3089260808926081 0.05100418410041847 0.1157601115760112
2 0.45127615062761506 0.31241283124128316 0.0443514644351464 0.1087866108786611
0 0.4983995815899581 0.5202231520223152 0.0942468619246862 0.0725244072524407
