1 0.09409867503486752 0.13668061366806136 0.09299163179916319 0.06415620641562064
1 0.09631276150627613 0.203626220362622 0.09299163179916317 0.0669456066945607
1 0.0985268479776848 0.2691771269177127 0.0885634588563459 0.05578800557880058
1 0.09797332635983264 0.3298465829846583 0.08524232914923292 0.04881450488145049
1 0.0985268479776848 0.4546722454672245 0.08413528591352859 0.05578800557880051
1 0.09741980474198048 0.5195258019525802 0.09077754532775453 0.057182705718270624
1 0.09631276150627613 0.5822873082287309 0.09299163179916317 0.057182705718270624
1 0.0985268479776848 0.6436541143654115 0.07749302649930263 0.059972105997210645
1 0.09631276150627611 0.7099023709902366 0.08192119944211995 0.05578800557880136
1 0.09465219665271961 0.7726638772663876 0.08524232914923294 0.05299860529986109
1 0.09797332635983264 0.8382147838214783 0.08081415620641563 0.05299860529986049
1 0.09908036959553694 0.8967921896792188 0.0808141562064156 0.047419804741980584
1 0.8972585425383542 0.26917712691771273 0.0874564156206415 0.0502092050209205
1 0.893383891213389 0.32914923291492326 0.08634937238493734 0.055788005578800544
1 0.8950444560669456 0.39539748953974896 0.08967050209205027 0.05439330543933053
1 0.8978120641562063 0.5181311018131102 0.07749302649930272 0.057182705718270554
1 0.8972585425383542 0.5836820083682008 0.08081415620641565 0.059972105997210645
1 0.8961514993026498 0.8967921896792187 0.08302824267782408 0.05299860529986094
2 0.09908036959553695 0.3940027894002789 0.09409867503486752 0.0627615062761506
2 0.893383891213389 0.1380753138075314 0.09077754532775457 0.06973500697350071
2 0.8983655857740583 0.20502092050209203 0.09631276150627613 0.0585774058577406
2 0.8978120641562063 0.4581589958158996 0.09077754532775444 0.05439330543933053
2 0.8961514993026498 0.6499302649930264 0.0918845885634589 0.06415620641562064
2 0.8972585425383542 0.7078103207810322 0.10295502092050199 0.05997210599721058
2 0.8978120641562063 0.7705718270571827 0.08856345885634581 0.06276150627615067
2 0.8972585425383542 0.8361227336122734 0.0874564156206415 0.059972105997210576
0 0.49872297768479745 0.5167364016736401 0.10959728033472863 0.06834030683403089
