1 0.09827473667816378 0.2057182705718271 0.09054526300684752 0.05997210599721061
1 0.10048315772711128 0.2698744769874477 0.083919999860005 0.05718270571827059
1 0.10158736825158503 0.4002789400278941 0.09054526300684751 0.06415620641562064
1 0.09827473667816378 0.4609483960948397 0.083919999860005 0.05160390516039058
1 0.09993105246487438 0.5244072524407253 0.08502421038447876 0.05857740585774053
1 0.1021394735138219 0.591352859135286 0.08723263143342627 0.05578800557880051
1 0.10103526298934813 0.6555090655509066 0.08502421038447877 0.06136680613668069
1 0.10048315772711128 0.7147838214783824 0.09054526300684752 0.05160390516039044
1 0.10269157877605878 0.7796373779637379 0.09054526300684752 0.0669456066945608
1 0.10048315772711128 0.8444909344490935 0.083919999860005 0.05439330543933053
1 0.10213947351382188 0.9065550906555092 0.08502421038447876 0.05857740585774067
1 0.9037963142817645 0.2071129707112971 0.08944105248237377 0.06276150627615067
1 0.9043484195440012 0.3319386331938634 0.08612842090895256 0.06136680613668062
1 0.901587893232817 0.397489539748954 0.08944105248237377 0.05020920502092047
1 0.8999315774461064 0.45955369595536966 0.09496210510474257 0.0543933054393306
1 0.9065568405929488 0.5264993026499304 0.08833684195789986 0.057182705718270624
1 0.9043484195440012 0.7196652719665273 0.09054526300684743 0.06415620641562071
1 0.9076610511174227 0.7754532775453279 0.0883368419579 0.05578800557880044
1 0.9026921037572907 0.9044630404463042 0.08060736828658363 0.057182705718270485
2 0.09882684194040063 0.13877266387726642 0.09606631562921628 0.06834030683403071
2 0.09937894720263753 0.3326359832635984 0.09275368405579502 0.05997210599721061
2 0.9054526300684751 0.1408647140864714 0.09937894720263714 0.07252440725244069
2 0.9060047353307117 0.27475592747559274 0.09827473667816385 0.05857740585774066
2 0.901587893232817 0.589260808926081 0.08944105248237377 0.06555090655509069
2 0.9093173669041331 0.6492329149232917 0.09164947353132101 0.06276150627615064
2 0.9021399984950539 0.8396094839609485 0.09496210510474241 0.06973500697350062
0 0.4979989465376613 0.5209205020920503 0.09937894720263757 0.07391910739191075
