1 0.09612655326843422 0.3068340306834031 0.053830869830323175 0.11436541143654115
1 0.2460839763671915 0.310320781032078 0.043943567208427174 0.11297071129707109
1 0.29661907865688264 0.3096234309623433 0.046140745568848486 0.1115760111576014
1 0.3488020647168899 0.3061366806136681 0.04723933474905913 0.1157601115760112
1 0.3987878724164757 0.3061366806136681 0.043943567208427084 0.11018131101813115
1 0.4460272071655348 0.30683403068340304 0.041746388848005724 0.10320781032078098
1 0.49656230945522595 0.3054393305439331 0.046140745568848375 0.1171548117154812
1 0.6465197325539833 0.3075313807531381 0.0516336914699017 0.11854951185495122
1 0.7486885263135761 0.3103207810320781 0.04723933474905905 0.11297071129707117
1 0.7986743340131625 0.30753138075313785 0.04614074556884744 0.1018131101813113
1 0.8497587308929585 0.3082287308228731 0.04284497802821648 0.11157601115760116
1 0.9002938331826497 0.3089260808926081 0.04504215638863769 0.11018131101813115
1 0.09557725867832888 0.7322175732217573 0.04394356720842708 0.10878661087866107
1 0.14556306637791455 0.7301255230125518 0.05163369146990198 0.1101813110181316
1 0.19774605243792182 0.7322175732217573 0.03954921048758436 0.10878661087866107
1 0.24608397636719156 0.7322175732217573 0.03954921048758436 0.11436541143654111
1 0.2971683732469881 0.7322175732217573 0.0450421563886378 0.11994421199442115
1 0.4965623094552259 0.7329149232914923 0.043943567208427084 0.11297071129707106
1 0.547097411744917 0.7308228730822873 0.048337923929269874 0.11157601115760116
1 0.5965339248543975 0.7370990237099023 0.041746388848005724 0.11018131101813111
1 0.645970437963878 0.7343096234309624 0.043943567208427015 0.10460251046025107
1 0.7492378209036815 0.7384937238493723 0.04174638884800586 0.10739191073919116
1 0.8475615525325371 0.7350069735006974 0.04504215638863769 0.10320781032078102
1 0.9013924223628602 0.7329149232914923 0.04943651310948041 0.10181311018131112
2 0.1450137717878093 0.308228730822873 0.04394356720842703 0.1199442119944212
2 0.19719675784781646 0.3096234309623431 0.05163369146990178 0.13110181311018132
2 0.5481960009251277 0.3096234309623431 0.052732280650112526 0.12273361227336128
2 0.5992803978049241 0.3103207810320781 0.04943651310948049 0.12691771269177124
2 0.6992520132040957 0.3117154811715481 0.05163369146990178 0.1157601115760112
2 0.3471541809465738 0.7350069735006974 0.048337923929269735 0.12273361227336124
2 0.39823857782637034 0.7329149232914923 0.04943651310948049 0.1213389121338912
2 0.4476750909358508 0.7343096234309624 0.04943651310948041 0.12691771269177124
2 0.6987027186139905 0.7377963737796375 0.05492945901053389 0.1171548117154812
2 0.7948292718824246 0.7343096234309624 0.06042240491158722 0.12133891213389106
0 0.49821019322554194 0.5230125523012552 0.10656315048043567 0.08368200836820079
