1 0.1038704663571959 0.31311018131101814 0.05083022821735118 0.10739191073919109
1 0.25746615597049627 0.3152022315202231 0.04420019844987064 0.11436541143654107
1 0.3055338717847305 0.3110181311018131 0.04309519348862384 0.10878661087866107
1 0.3574691049633285 0.31171548117154807 0.05193523317859752 0.11576011157601133
1 0.40719432821943286 0.31659693165969316 0.03867517364363678 0.11157601115760105
1 0.45581454651429054 0.3131101813110182 0.043095193488623874 0.1157601115760112
1 0.5060922722510184 0.3110181311018131 0.041990188527377084 0.10878661087866107
1 0.5552649930264993 0.3124128312412831 0.045305203411117316 0.11157601115760109
1 0.6536104345774615 0.3138075313807531 0.040885183566130225 0.10599721059972107
1 0.7552708910121637 0.31450488145048816 0.049725223256104414 0.11018131101813111
1 0.8044436117876448 0.3186889818688982 0.041990188527377084 0.11297071129707113
1 0.8503013176793855 0.3117154811715481 0.043095193488623805 0.101813110181311
1 0.15801570945828738 0.7273361227336124 0.04199018852737705 0.10739191073919102
1 0.25415114108675596 0.7329149232914923 0.04199018852737705 0.09902370990237103
1 0.3547065925602116 0.7336122733612274 0.041990188527377084 0.10041841004184107
1 0.4022218058938224 0.7301255230125523 0.041990188527377084 0.10460251046025107
1 0.5552649930264993 0.7308228730822873 0.040885183566130294 0.10878661087866107
1 0.6044377138019804 0.7322175732217573 0.041990188527377015 0.11436541143654111
1 0.6525054296162146 0.7350069735006974 0.04530520341111725 0.10320781032078102
1 0.7033356578335659 0.7329149232914923 0.047515213333610834 0.10739191073919102
1 0.7547183885315405 0.7315202231520224 0.04420019844987067 0.11576011157601102
1 0.8033386068263981 0.7287308228730822 0.04641020837236425 0.10739191073919116
1 0.8530638300825025 0.7280334728033472 0.041990188527377084 0.10599721059972111
1 0.9011315458967368 0.7294281729428173 0.047515213333610834 0.10599721059972111
2 0.15525319705517046 0.31659693165969316 0.04530520341111735 0.11157601115760105
2 0.20553092279189827 0.30962343096234307 0.05083022821735117 0.11715481171548117
2 0.6005701964376167 0.3131101813110182 0.049725223256104414 0.1157601115760112
2 0.704993165275436 0.3138075313807531 0.048620218294857694 0.1199442119944212
2 0.9049990632611005 0.3138075313807532 0.05304023813984491 0.12552301255230114
2 0.10552797379906603 0.7294281729428173 0.05635525302358501 0.1227336122733611
2 0.20553092279189827 0.7322175732217573 0.04641020837236415 0.11157601115760116
2 0.3060863742653539 0.7287308228730822 0.048620218294857694 0.12133891213389106
2 0.4552620440336671 0.7329149232914923 0.048620218294857694 0.11297071129707106
2 0.5055397697703949 0.7315202231520224 0.04751521333361097 0.1213389121338912
0 0.5060922722510184 0.5264993026499303 0.09061040682223478 0.06555090655509062
