1 0.09824887649155432 0.14435146443514646 0.07948223716170688 0.06555090655509066
1 0.10100867639300247 0.2105997210599721 0.08500183696460319 0.061366806136680586
1 0.10266455633387135 0.27475592747559274 0.09052143676749948 0.05578800557880058
1 0.10156063637329207 0.4644351464435147 0.08610575692518241 0.06415620641562064
1 0.10211259635358165 0.5244072524407253 0.08941751680692012 0.05020920502092045
1 0.10045671641271284 0.5871687587168759 0.08389791700402392 0.05857740585774067
1 0.103216516314161 0.6520223152022315 0.08058615712228612 0.0627615062761506
1 0.10266455633387139 0.7147838214783822 0.08169007708286534 0.06555090655509044
1 0.10100867639300247 0.7775453277545329 0.08279399704344467 0.05160390516039045
1 0.09769691651126468 0.8423988842398884 0.08058615712228613 0.06136680613668048
1 0.09824887649155432 0.9058577405857742 0.07948223716170688 0.05439330543933053
1 0.8958310480100711 0.20571827057182707 0.08720967688576167 0.059972105997210645
1 0.9024545677735466 0.2740585774058577 0.09383319664923732 0.048814504881450456
1 0.89748692795094 0.3340306834030683 0.08389791700402398 0.057182705718270554
1 0.9030065277538364 0.3988842398884239 0.09052143676749935 0.05299860529986056
1 0.8963830079903607 0.46094839609483956 0.08831359684634094 0.057182705718270554
1 0.8991428078918083 0.5258019525801949 0.08500183696460391 0.06415620641562142
1 0.9007986878326778 0.5892608089260808 0.08831359684634109 0.04881450488145056
1 0.8958310480100711 0.6492329149232914 0.08500183696460312 0.0627615062761506
1 0.8963830079903607 0.7119944211994422 0.0861057569251824 0.05160390516039044
1 0.89748692795094 0.7782426778242677 0.08169007708286542 0.05857740585774067
2 0.10266455633387135 0.3403068340306834 0.09052143676749948 0.06136680613668069
2 0.10211259635358172 0.39888423988842403 0.10266455633387135 0.06973500697350069
2 0.8991428078918088 0.14295676429567644 0.09383319664923719 0.06834030683403068
2 0.9002467278523882 0.8389121338912129 0.09604103657039605 0.06834030683403153
2 0.8996947678720986 0.9051603905160391 0.09493711660981646 0.05578800557880058
0 0.49897182218182645 0.5264993026499303 0.10597631621560921 0.07112970711297066
