1 0.09416597282969551 0.3068340306834031 0.04956103833141868 0.11436541143654115
1 0.14813243679057364 0.3075313807531383 0.04735832551668897 0.11018131101813075
1 0.19714279691831 0.3061366806136681 0.041851543479864715 0.11297071129707109
1 0.29901826459955944 0.3096234309623429 0.04515561270195925 0.10599721059972103
1 0.3474779465236133 0.30683403068340304 0.04295289988722956 0.11157601115760113
1 0.39814034126239667 0.306834030683403 0.04295289988722969 0.1087866108786612
1 0.44825205779749794 0.3096234309623431 0.04405425629459437 0.10320781032078105
1 0.5000158089436464 0.30683403068340304 0.03964883066513487 0.10320781032078098
1 0.5490261690713827 0.306136680613668 0.04295289988722963 0.10460251046025103
1 0.5985872074028012 0.308228730822873 0.04735832551668902 0.1059972105997212
1 0.652002993159997 0.3068340306834031 0.048459681924053796 0.10878661087866114
1 0.7010133532877333 0.3089260808926081 0.04295289988722942 0.11018131101813115
1 0.7516757480265168 0.3082287308228731 0.04735832551668892 0.1087866108786611
1 0.8017874645616181 0.3117154811715481 0.048459681924053796 0.10460251046025107
1 0.8507978246893542 0.3075313807531381 0.04075018707249996 0.11297071129707117
1 0.9036629322428678 0.3054393305439333 0.051763751146148465 0.11157601115760066
1 0.09526732923706037 0.7357043235704325 0.051763751146148416 0.10460251046025107
1 0.19549076230726264 0.7336122733612274 0.04075018707249985 0.10878661087866107
1 0.243399766027634 0.7357043235704324 0.044054256294594404 0.10739191073919102
1 0.34857930293097816 0.7336122733612274 0.04295289988722956 0.11436541143654111
1 0.39814034126239684 0.7343096234309624 0.04735832551668892 0.11576011157601115
1 0.4493534142048628 0.7350069735006974 0.046256969109324114 0.1171548117154812
1 0.49946513073996385 0.7343096234309624 0.04735832551668899 0.11018131101813097
1 0.5506782036824299 0.7357043235704325 0.04405425629459437 0.10460251046025107
1 0.5991378856064837 0.7357043235704324 0.04625696910932419 0.10739191073919102
1 0.6492496021415849 0.7343096234309624 0.04515561270195917 0.11018131101813097
1 0.8017874645616179 0.7343096234309624 0.04405425629459444 0.11018131101813097
1 0.851899181096719 0.7357043235704324 0.04735832551668892 0.11018131101813111
1 0.9058656450575973 0.7322175732217573 0.05176375114614856 0.11436541143654111
2 0.24725451345341104 0.3131101813110181 0.04735832551668899 0.11854951185495115
2 0.14703108038320878 0.7357043235704325 0.04515561270195928 0.11576011157601115
2 0.29681555178482977 0.7322175732217572 0.0539664639608781 0.12273361227336173
2 0.6971586058619562 0.7336122733612274 0.05066239473878355 0.11436541143654111
2 0.7511250698228343 0.7350069735006974 0.05066239473878355 0.1171548117154812
0 0.5000158089436464 0.5223152022315203 0.08370308695972938 0.057182705718270624
