1 0.10231554874087165 0.3075313807531381 0.04840735639353068 0.11576011157601113
1 0.1523731559205454 0.3103207810320781 0.04290652043972036 0.11297071129707117
1 0.20353093029098124 0.3103207810320781 0.04400668763048238 0.11297071129707117
1 0.2524883702798929 0.3096234309623431 0.04290652043972038 0.10599721059972105
1 0.30364614465032874 0.3110181311018131 0.04620702201200654 0.11436541143654115
1 0.35425383542538347 0.3117154811715482 0.04400668763048236 0.1018131101813112
1 0.4043114426050573 0.3082287308228731 0.04510685482124451 0.10320781032078102
1 0.4510685482124449 0.3138075313807531 0.03740568448591006 0.10320781032078102
1 0.5011261553921187 0.3096234309623432 0.04510685482124445 0.10320781032078105
1 0.5522839297625545 0.31520223152022314 0.04180635324895832 0.10599721059972105
1 0.600141202560704 0.31659693165969316 0.04510685482124444 0.11157601115760105
1 0.6518490605265209 0.31450488145048816 0.04290652043972045 0.10460251046025107
1 0.7519642748858684 0.3089260808926081 0.04730718920276857 0.11297071129707113
1 0.8476788204821678 0.31241283124128316 0.04510685482124444 0.10320781032078105
1 0.8988365948526035 0.3117154811715481 0.04840735639353099 0.10739191073919103
1 0.1050659667177768 0.7273361227336124 0.04290652043972038 0.11018131101813111
1 0.15292323951592643 0.7322175732217573 0.03740568448591004 0.10878661087866107
1 0.2519382866845119 0.7329149232914923 0.0440066876304825 0.10739191073919102
1 0.3025459774595667 0.7301255230125523 0.03960601886743415 0.11018131101813111
1 0.35040325025771635 0.7308228730822873 0.04730718920276864 0.10599721059972111
1 0.40156102462815213 0.7329149232914923 0.04180635324895832 0.10181311018131112
1 0.44996838102168285 0.7336122733612274 0.04400668763048238 0.10599721059972111
1 0.5033264897736428 0.7350069735006974 0.04730718920276857 0.11436541143654111
1 0.5517338461671735 0.7329149232914923 0.04070618605819618 0.11018131101813111
1 0.65129897693114 0.7308228730822873 0.04400668763048245 0.10878661087866107
1 0.7019066677061949 0.7294281729428173 0.04400668763048245 0.11436541143654111
1 0.8014717984701611 0.7308228730822873 0.04730718920276871 0.10878661087866107
1 0.8498791548636919 0.7370990237099023 0.04730718920276871 0.11018131101813111
1 0.9026871800202707 0.7301255230125523 0.049507523584292695 0.10739191073919116
2 0.7013565841108138 0.31450488145048816 0.04950752358429284 0.11297071129707117
2 0.7998215476840181 0.3131101813110182 0.04620702201200658 0.1157601115760112
2 0.20188067950483812 0.7273361227336121 0.04950752358429274 0.11576011157601115
2 0.5968407009884179 0.7315202231520224 0.04950752358429277 0.1129707112970712
2 0.7514141912904875 0.7315202231520224 0.04620702201200658 0.11576011157601102
0 0.5005760717967376 0.5258019525801952 0.09241404402401301 0.0753138075313808
