1 0.09649930264993026 0.13668061366806136 0.08114714086471408 0.058577405857740586
1 0.09814417712691771 0.20432357043235705 0.08224372384937238 0.05160390516039051
1 0.09869246861924687 0.2649930264993026 0.08553347280334728 0.05299860529986049
1 0.1003373430962343 0.39121338912133896 0.08005055788005577 0.057182705718270554
1 0.09869246861924687 0.46094839609483956 0.08991980474198048 0.057182705718270554
1 0.09869246861924685 0.5209205020920503 0.08334030683403068 0.04881450488145056
1 0.09759588563458856 0.5829846582984658 0.09869246861924683 0.05299860529986056
1 0.10088563458856345 0.6492329149232916 0.08991980474198046 0.05160390516039044
1 0.09924076011157598 0.7740585774058576 0.08005055788005577 0.05857740585774067
1 0.09978905160390514 0.8417015341701535 0.08334030683403068 0.05160390516039058
1 0.8986497559274755 0.14225941422594143 0.09320955369595524 0.0585774058577406
1 0.8991980474198047 0.20432357043235705 0.08334030683403071 0.05718270571827059
1 0.900294630404463 0.2656903765690378 0.08772663877266326 0.06276150627615038
1 0.8997463389121338 0.3298465829846583 0.08882322175732213 0.04881450488145049
1 0.8964565899581589 0.45676429567642957 0.08882322175732213 0.07112970711297073
1 0.8975531729428172 0.5216178521617851 0.08882322175732213 0.05020920502092047
1 0.8959082984658298 0.6450488145048814 0.08334030683403057 0.04881450488145042
1 0.8964565899581589 0.710599721059972 0.08224372384937226 0.06834030683403057
1 0.8991980474198047 0.7761506276150628 0.08772663877266382 0.04881450488145049
1 0.8986497559274755 0.8389121338912133 0.08443688981868902 0.059972105997210576
1 0.8986497559274755 0.902370990237099 0.08443688981868902 0.05578800557880058
2 0.09869246861924687 0.32914923291492326 0.08991980474198048 0.06694560669456066
2 0.09924076011157598 0.7105997210599722 0.08224372384937237 0.06276150627615067
2 0.10307880055788005 0.903068340306834 0.09211297071129705 0.06555090655509062
2 0.8991980474198047 0.396792189679219 0.09649930264993017 0.057182705718270554
2 0.9008429218967922 0.5843793584379359 0.08663005578800564 0.0669456066945606
0 0.49839696652719667 0.5160390516039051 0.10417538354253843 0.06694560669456073
