0 0.7576641733933949 0.35913528591352856 0.06061313387147166 0.12691771269177124
1 0.3184944670700962 0.1297071129707113 0.08375633044057892 0.08926080892608092
2 0.960993686107695 0.22036262203626222 0.0683275327278406 0.07531380753138077
2 0.8651147288928217 0.4574616457461646 0.08375633044057892 0.0725244072524407
2 0.967606027984583 0.4644351464435147 0.05951107689199034 0.06415620641562064
2 0.9681570564743237 0.5299860529986052 0.058409019912509026 0.05299860529986049
2 0.9620957430871764 0.5732217573221757 0.06612341876887796 0.05578800557880044
2 0.949973116312882 0.7496513249651325 0.07934810252265365 0.06555090655509076
2 0.9218706633361089 0.7907949790794979 0.0826542734610976 0.0725244072524407
2 0.8447266747724177 0.9128312412831241 0.09367484325591065 0.057182705718270485
2 0.5857432845943119 0.9721059972105998 0.08926661533798537 0.05299860529986063
2 0.569763458391833 0.9435146443514644 0.08375633044057879 0.05160390516039058
2 0.5940087119404215 0.8417015341701535 0.09698101419435452 0.06555090655509076
2 0.5653552304739077 0.7712691771269178 0.08816455835850412 0.05857740585774053
2 0.6204580794479728 0.6345885634588564 0.09257278627642947 0.08368200836820079
2 0.37304628755442065 0.6980474198047417 0.08926661533798548 0.06276150627615065
2 0.5251301507228403 0.8507670850767087 0.08926661533798558 0.06973500697350019
2 0.5741716863097582 0.28800557880055777 0.10579747003020494 0.08228730822873115
2 0.43090427897718897 0.3340306834030684 0.10359335607124237 0.0739191073919108
2 0.35320926192375723 0.4909344490934449 0.09808307117383584 0.06973500697350062
2 0.32400475196750267 0.21896792189679218 0.08596044439954152 0.05299860529986052
2 0.31739241009061486 0.056485355648535567 0.07714398856369112 0.0292887029288703
2 0.2385953360577018 0.2301255230125523 0.0848583874200602 0.05578800557880058
2 0.08540941590980088 0.3486750348675035 0.08706250137902284 0.06973500697350069
2 0.26724881752421564 0.7552301255230125 0.08706250137902284 0.06276150627615067
2 0.2578813331986246 0.8570432357043236 0.08596044439954156 0.06276150627615067
2 0.24851384887303354 0.9588563458856345 0.09587895721487324 0.05439330543933053
2 0.17577808822726762 0.8521617852161785 0.07604193158420978 0.06694560669456066
2 0.09312381476616999 0.8870292887029287 0.08926661533798544 0.06694560669456066
