1 0.09880170707118192 0.1415620641562064 0.0862467940179378 0.06276150627615061
1 0.09880170707118195 0.20711297071129706 0.07969640459885395 0.04881450488145049
1 0.10207690178072387 0.2712691771269177 0.08406333087824319 0.05160390516039051
1 0.1009851702108766 0.33333333333333337 0.08406333087824322 0.05020920502092043
1 0.1009851702108766 0.4588563458856346 0.08406333087824322 0.05578800557880051
1 0.10098517021087657 0.5251046025104603 0.08187986773854858 0.051603905160390505
1 0.10153103599580021 0.6527196652719666 0.08078813616870124 0.06136680613668069
1 0.1031686333505712 0.7175732217573221 0.08843025715763247 0.057182705718270624
1 0.10262276756564756 0.8437935843793584 0.08733852558778515 0.06136680613668075
1 0.10098517021087655 0.910041841004184 0.0862467940179378 0.057182705718270624
1 0.8979492161994159 0.14086471408647142 0.08843025715763232 0.06136680613668064
1 0.8990409477692632 0.2719665271966527 0.08843025715763247 0.055788005578800544
1 0.8974033504144923 0.4630404463040446 0.08078813616870122 0.06136680613668062
1 0.8984950819843397 0.5244072524407253 0.09388891500686895 0.05020920502092047
1 0.8984950819843397 0.5934449093444908 0.07860467302900645 0.057182705718270554
1 0.8974033504144924 0.6576011157601116 0.08733852558778508 0.05160390516039051
1 0.9006785451240343 0.7168758716875872 0.08733852558778522 0.06136680613668048
1 0.9012244109089579 0.7824267782426779 0.08406333087824308 0.05578800557880058
1 0.9017702766938817 0.8444909344490935 0.08515506244809046 0.059972105997210576
1 0.9039537398335762 0.910041841004184 0.08733852558778522 0.057182705718270624
2 0.10207690178072387 0.3981868898186887 0.09061372029732707 0.06276150627615074
2 0.1031686333505712 0.5878661087866109 0.08843025715763247 0.05718270571827069
2 0.10262276756564756 0.7838214783821479 0.08952198872747978 0.05578800557880058
2 0.8990409477692635 0.2078103207810321 0.09498064657671634 0.0585774058577406
2 0.8995868135541869 0.3361227336122734 0.08952198872747985 0.055788005578800544
2 0.901224410908958 0.40027894002789394 0.08624679401793788 0.0669456066945608
0 0.5038341194845356 0.5271966527196652 0.09716410971641096 0.07531380753138073
