1 0.09936496631947535 0.13458856345885636 0.09113030060239177 0.06276150627615061
1 0.09826701089053086 0.20292887029288706 0.09113030060239175 0.05439330543933053
1 0.09936496631947535 0.3277545327754533 0.08893438974450277 0.0669456066945607
1 0.0993649663194753 0.39400278940027883 0.08893438974450284 0.059972105997210735
1 0.09991394403394757 0.45676429567642934 0.09222825603133619 0.0516039051603906
1 0.09991394403394759 0.5815899581589958 0.08124870174189144 0.05299860529986056
1 0.09991394403394757 0.7099023709902371 0.08564052345766936 0.05578800557880058
1 0.10101189946289207 0.7740585774058576 0.08564052345766933 0.05857740585774067
1 0.10265883260630879 0.8403068340306834 0.0845425680287249 0.04881450488145049
1 0.09771803317605862 0.900976290097629 0.08564052345766936 0.05299860529986049
1 0.8975785631621116 0.1387726638772664 0.09552212231816981 0.059972105997210576
1 0.8975785631621116 0.201534170153417 0.09113030060239169 0.05439330543933053
1 0.8992254963055282 0.2649930264993026 0.09662007774711427 0.05299860529986049
1 0.8997744740200005 0.32705718270571826 0.08673847888661385 0.05439330543933057
1 0.8997744740200005 0.3905160390516039 0.08234665717083586 0.05578800557880051
1 0.9036173180213062 0.4581589958158996 0.09222825603133629 0.057182705718270554
1 0.9025193625923618 0.5209205020920503 0.09222825603133629 0.057182705718270554
1 0.8997744740200005 0.6478382147838215 0.0889343897445029 0.057182705718270624
1 0.900872429448945 0.7085076708507672 0.08673847888661385 0.05578800557880058
2 0.10101189946289207 0.2649930264993026 0.09222825603133622 0.06136680613668062
2 0.09936496631947535 0.5181311018131102 0.0845425680287249 0.06276150627615067
2 0.09936496631947535 0.6450488145048814 0.09332621146028071 0.059972105997210576
2 0.9003234517344728 0.5829846582984659 0.0900323451734475 0.06694560669456073
2 0.8948336745897504 0.773361227336123 0.09222825603133691 0.07112970711297031
2 0.9025193625923614 0.8375174337517435 0.09222825603133639 0.05718270571827049
2 0.9003234517344728 0.903068340306834 0.09881598860500318 0.06276150627615067
0 0.5017656310276268 0.5223152022315202 0.1032078103207811 0.0794979079497908
