0 0.4992318117050297 0.5216178521617852 0.1102056979481302 0.0725244072524407
1 0.9742183698614707 0.7217573221757323 0.04849050709717716 0.0822873082287309
2 0.9692591134538049 0.806136680613668 0.06061313387147152 0.06694560669456066
2 0.9720142559025081 0.6352859135285914 0.050694621056139935 0.06555090655509069
2 0.8805435266055599 0.4476987447698745 0.09257278627642947 0.06694560669456066
2 0.9433607744359941 0.3423988842398884 0.09036867231746665 0.06276150627615061
2 0.9527282587615841 0.20571827057182698 0.08485838742006033 0.05439330543933059
2 0.8943192388490754 0.22175732217573213 0.08926661533798547 0.05578800557880035
2 0.8425225608134551 0.2782426778242676 0.08926661533798502 0.05718270571827066
2 0.746643603598582 0.5013947001394701 0.08706250137902288 0.04881450488145049
2 0.730663777396103 0.49860529986053004 0.08816455835850405 0.06276150627615067
2 0.6287235067940826 0.608089260808926 0.09367484325591072 0.06694560669456073
2 0.47939478607436625 0.7412831241283123 0.0925727862764294 0.057182705718270624
2 0.5818860851661273 0.8563458856345886 0.08596044439954156 0.06415620641562071
2 0.4110672533465255 0.9414225941422595 0.07934810252265379 0.05578800557880058
2 0.4353125068951142 0.25313807531380755 0.08816455835850419 0.05439330543933053
2 0.3587195468211637 0.4623430962343096 0.09587895721487324 0.06834030683403064
2 0.3493520624955726 0.6248256624825662 0.09257278627642933 0.07252440725244064
2 0.20388054120404078 0.6792189679218968 0.08375633044057895 0.05857740585774053
2 0.2496159058525148 0.7301255230125523 0.08485838742006024 0.04881450488145049
2 0.16696163239141718 0.4665271966527197 0.09367484325591063 0.06834030683403071
2 0.09918512815331713 0.37587168758716877 0.09477690023539193 0.06834030683403071
2 0.2374932790782205 0.9825662482566249 0.08265427346109763 0.023709902370990223
2 0.17247191728882372 0.9707112970711297 0.08045015950213502 0.03626220362622035
2 0.09257278627642934 0.9888423988842399 0.07934810252265373 0.01673640167364013
2 0.04077610824080816 0.7099023709902371 0.07714398856369112 0.047419804741980445
2 0.018734968651182127 0.7440725244072525 0.03746993730236425 0.05439330543933053
