0 0.4965354806099238 0.5202231520223152 0.11132094015893962 0.08089260808926085
1 0.3394737581084496 0.2524407252440725 0.0881750021060904 0.09483960948396053
2 0.9655162730616944 0.24755927475592748 0.06613125157956802 0.07391910739191075
2 0.8740347083766251 0.29358437935843795 0.09478812726404755 0.06276150627615067
2 0.9330017410350732 0.407949790794979 0.09589031479037388 0.05718270571827047
2 0.9473301788773132 0.4602510460251046 0.08927718963241688 0.05578800557880058
2 0.9197754907191603 0.7705718270571825 0.08486843952711201 0.06555090655509183
2 0.49708657437308695 0.9693165969316595 0.1014012524220044 0.05578800557880058
2 0.4700829799780966 0.7203626220362622 0.09368593973772149 0.059972105997210576
2 0.30971469489764397 0.5432357043235705 0.09258375221139538 0.06834030683403057
2 0.29207969447642584 0.4351464435146444 0.09699250231669992 0.06973500697350069
2 0.3389226643452865 0.3423988842398884 0.09368593973772146 0.06276150627615064
2 0.4105648535564853 0.18688981868898186 0.0870728145797647 0.055788005578800565
2 0.3328606329504929 0.16248256624825674 0.09037937715874297 0.06555090655509052
2 0.03141234450029485 0.2803347280334728 0.0628246890005897 0.06694560669456066
2 0.045189688579371536 0.4665271966527197 0.081561876948134 0.057182705718270624
