0 0.4711953264212782 0.6485355648535566 0.07871998293434246 0.13110181311018138
1 0.6483152880235487 0.4602510460251046 0.07534626938001338 0.0864714086471409
2 0.9468889375816619 0.7175732217573221 0.08321826767344774 0.07391910739191075
2 0.9429529384349448 0.4553695955369595 0.08434283885822409 0.07670850767085077
2 0.8445529597670167 0.34658298465829845 0.0899656947821056 0.06276150627615064
2 0.7984455411911875 0.2928870292887029 0.09446397952121104 0.06415620641562068
2 0.7253484141807266 0.19177126917712692 0.0899656947821056 0.06276150627615064
2 0.7680821192022269 0.5188284518828452 0.08771655241255302 0.06973500697350069
2 0.6460661456539961 0.5390516039051604 0.0933394083364346 0.06276150627615067
2 0.642130146507279 0.9511854951185496 0.10346054899942146 0.05857740585774053
2 0.6438170032844434 0.37796373779637377 0.07759541174956602 0.06415620641562064
2 0.7169141302949044 0.38354253835425384 0.08434283885822395 0.06136680613668062
2 0.37616906130767913 0.902370990237099 0.08884112359732932 0.05857740585774067
2 0.28339193856363276 0.9574616457461645 0.08771655241255302 0.057182705718270485
2 0.08265598208105955 0.8758716875871687 0.0933394083364346 0.05299860529986049
2 0.03148799317373697 0.7203626220362622 0.05622855923881602 0.05160390516039058
2 0.30925707581348816 0.6806136680613668 0.08546741004300039 0.05578800557880058
2 0.3233142156231921 0.6324965132496514 0.08209369648867139 0.04323570432357045
2 0.25977594368333 0.608786610878661 0.08996569478210564 0.05718270571827069
2 0.3553644943893173 0.5655509065550907 0.08771655241255302 0.04323570432357052
2 0.3778559180848437 0.5446304044630405 0.08546741004300039 0.04602510460251047
2 0.29070165126467884 0.5411436541143654 0.08659198122777667 0.05857740585774067
2 0.4964981780787454 0.42887029288702927 0.09558855070598718 0.06834030683403071
2 0.42452562225306095 0.3451882845188284 0.08659198122777667 0.0543933054393305
2 0.47007075523650194 0.3110181311018131 0.09446397952121088 0.05857740585774053
2 0.3373713554328961 0.2405857740585774 0.09221483715165828 0.057182705718270554
2 0.31656678851453424 0.26778242677824265 0.08659198122777671 0.0669456066945607
2 0.21085709714556006 0.4386331938633196 0.0798445541191187 0.0571827057182703
2 0.4234010510682843 0.47768479776848005 0.0798445541191188 0.05439330543933043
2 0.3497416384654358 0.47907949790795 0.07197255582568468 0.05160390516039018
2 0.2968867927809486 0.4735006973500698 0.08546741004300035 0.05439330543933053
2 0.0764708405647898 0.3361227336122734 0.08096912530389508 0.055788005578800544
2 0.04048456265194753 0.37587168758716877 0.07422169819523715 0.05160390516039044
