0 0.49883307752149875 0.5181311018131102 0.11306883090487303 0.08507670850767085
1 0.6773044674791905 0.677126917712692 0.09754957960420428 0.09344490934449076
2 0.8818260292630049 0.9686192468619248 0.09200698985396528 0.05997210599721072
2 0.7665401624580364 0.9135285913528591 0.08535588215367866 0.06415620641562071
2 0.6784129854292382 0.7698744769874477 0.0842473642036309 0.05857740585774067
2 0.6700991008038799 0.7308228730822873 0.10087513345434758 0.05578800557880058
2 0.6795215033792862 0.598326359832636 0.09533254370410799 0.052998605299860245
2 0.567561190424461 0.7615062761506273 0.0864644001037264 0.06694560669456136
2 0.3320011260393086 0.41492329149232915 0.09644106165415643 0.07670850767085086
2 0.22392062590965053 0.49511854951185497 0.1019836514043953 0.07252440725244078
