0 0.6337589167907315 0.5097629009762902 0.09425985639057252 0.07112970711297073
1 0.7063944531858196 0.8730822873082288 0.08206152203414546 0.09483960948396089
2 0.9707448122093885 0.49790794979079495 0.058510375581223004 0.07252440725244078
2 0.9503611403143603 0.7880055788005578 0.088715158955833 0.06694560669456066
2 0.951470079801308 0.8500697350069736 0.09536879587752026 0.04881450488145049
2 0.87606219468885 0.9707112970711296 0.08649727998193711 0.05299860529986049
2 0.8250509782892462 0.7845188284518829 0.08871515895583286 0.05997210599721072
2 0.8178428716240848 0.697350069735007 0.08538834049498917 0.058577405857740385
2 0.8838247710974855 0.6582984658298465 0.09093303792972876 0.05857740585774053
2 0.8200607505979807 0.5439330543933054 0.09204197741667657 0.06136680613668055
2 0.7385536983073091 0.5920502092050208 0.08871515895583286 0.05439330543933053
2 0.7363358193334133 0.49581589958159 0.08206152203414561 0.057182705718270554
2 0.7834657475286996 0.4205020920502092 0.09425985639057245 0.06555090655509069
2 0.5677770173173308 0.22105997210599718 0.09093303792972868 0.06555090655509066
2 0.5378356511697371 0.2859135285913528 0.09093303792972876 0.05578800557880055
2 0.4851610255397107 0.3856345885634589 0.08760621946888475 0.05997210599721068
2 0.45355625016169604 0.416317991631799 0.0864972799819368 0.05160390516039046
2 0.411971019401149 0.38075313807531386 0.08760621946888504 0.06136680613668069
2 0.3099485866019412 0.435146443514644 0.08982409844278078 0.06973500697350046
2 0.22677812508084788 0.21478382147838196 0.10091349331225992 0.06973500697350071
2 0.22345130662000415 0.297768479776848 0.0942598563905725 0.0543933054393306
2 0.26337312815012903 0.30683403068340304 0.09204197741667666 0.0502092050209205
2 0.16634092304218673 0.38563458856345867 0.088715158955833 0.05997210599721054
2 0.100359023568786 0.3765690376569038 0.10313137228615578 0.06136680613668062
2 0.04213970050402063 0.2580195258019526 0.08427940100804127 0.05578800557880058
2 0.03049583589106757 0.6436541143654114 0.058773792808239314 0.04602510460251054
2 0.40199056401861794 0.6338912133891214 0.08538834049498924 0.0627615062761506
2 0.5078942850221435 0.7370990237099025 0.08871515895583293 0.06555090655509062
2 0.4629822358007531 0.8152022315202231 0.0986956143383641 0.06276150627615053
2 0.48183420707886754 0.8877266387726638 0.08760621946888505 0.059972105997210576
2 0.7080578624162416 0.7168758716875872 0.0920419774166767 0.0725244072524407
2 0.7069489229292937 0.7859135285913529 0.09425985639057245 0.06276150627615067
2 0.7152659690814029 0.9539748953974896 0.10202243279920793 0.06415620641562057
2 0.6642547526817989 0.9776847977684798 0.10424031177310368 0.041841004184100285
2 0.3127209353193109 0.8898186889818684 0.09315091690362466 0.05857740585774049
2 0.27778934148045187 0.7956764295676431 0.10756713023394746 0.06834030683403071
2 0.2356496409764312 0.9846582984658298 0.08760621946888503 0.022315202231520316
2 0.1164386461295307 0.8877266387726638 0.0842794010080413 0.05439330543933053
2 0.049347807169182065 0.8417015341701535 0.0853883404949892 0.05160390516039058
2 0.06542742972992677 0.8640167364016736 0.0864972799819371 0.059972105997210576
