0 0.4901409331511492 0.5237099023709902 0.08567730273016685 0.07112970711297066
1 0.5185145853539965 0.41283124128312415 0.0756630725409265 0.10320781032078102
2 0.5179582392323723 0.5062761506276151 0.08122653375717113 0.06694560669456066
2 0.5607968905974556 0.49163179916317984 0.09346614843290929 0.057182705718270554
2 0.7193555352604267 0.8444909344490935 0.10348037862214966 0.0822873082287309
2 0.874576103193651 0.7622036262203628 0.1001423018924028 0.0794979079497908
2 0.935217830450717 0.5251046025104603 0.0901280717031625 0.08786610878661094
2 0.8300684134636941 0.2914923291492329 0.08678999497341579 0.07810320781032075
2 0.6904255369359547 0.29428172942817293 0.0990296096491538 0.07810320781032072
2 0.5190709314756211 0.3249651324965132 0.09902960964915394 0.06973500697350073
2 0.32713151951518243 0.6178521617852161 0.10459307086539842 0.08647140864714081
2 0.12239614675738117 0.41910739191073915 0.08901537945991357 0.0794979079497908
2 0.12406518512225456 0.9323570432357043 0.09457884067615817 0.07112970711297066
2 0.023366537108227316 0.8500697350069735 0.044507689729956786 0.06276150627615053
