0 0.49848771662673486 0.5153417015341701 0.10931748171638922 0.08228730822873075
1 0.42360524165100827 0.2377963737796374 0.08854716019027528 0.096234309623431
2 0.8882045389456625 0.1931659693165969 0.09510620909325866 0.057182705718270554
2 0.8657944551938026 0.2419804741980473 0.09619938391042297 0.06276150627615076
2 0.9313849442236356 0.24407252440725247 0.07214953793281688 0.061366806136680614
2 0.9598074894698975 0.5801952580195259 0.07652223720147248 0.07531380753138073
2 0.9275588323635627 0.8270571827057183 0.08854716019027535 0.07810320781032075
2 0.6373209184065494 0.9295676429567643 0.08745398537311139 0.06276150627615053
2 0.4881025558636779 0.9309623430962343 0.09291985945893082 0.06276150627615067
2 0.24705750867903967 0.8291492329149233 0.09182668464176696 0.06555090655509062
2 0.1328207402854129 0.9546722454672246 0.09729255872758641 0.05439330543933053
2 0.2410450471846383 0.7391910739191073 0.1060379572648976 0.07531380753138066
2 0.4039280949420582 0.5808926080892608 0.09729255872758642 0.07949790794979088
2 0.41813936756518894 0.38284518828451886 0.09291985945893069 0.05160390516039052
2 0.42688476610249976 0.3228730822873081 0.08417446092161959 0.05997210599721052
2 0.4263381786939181 0.15341701534170155 0.09401303427609477 0.05857740585774059
2 0.3192070466118566 0.2161785216178522 0.0896403350074392 0.06136680613668062
2 0.12571510397384764 0.3926080892608089 0.08745398537311139 0.06834030683403071
