0 0.49314752700070313 0.5223152022315202 0.10787602153140377 0.06834030683403064
1 0.16401558375693032 0.34797768479776847 0.08145740401350901 0.09623430962343087
2 0.8134732644051778 0.19386331938633194 0.09686826423228112 0.07531380753138076
2 0.8074189978906596 0.2726638772663878 0.09576748850236935 0.0683403068340306
2 0.6874344433302213 0.18619246861924688 0.08696128266307042 0.0599721059972106
2 0.6340468204294755 0.2329149232914923 0.08586050693315819 0.06694560669456064
2 0.6687212559217124 0.3577405857740586 0.09356593704254415 0.06276150627615067
2 0.6345972082944316 0.40655509065550904 0.09576748850236867 0.07670850767085077
2 0.7127522851182038 0.4818688981868898 0.09136438558271948 0.06834030683403071
2 0.806318222160748 0.7412831241283123 0.10017059142201773 0.0794979079497908
2 0.9516206185091692 0.8165969316596932 0.08035662828359676 0.06276150627615067
2 0.9185973466118008 0.9867503486750349 0.08255817974342122 0.015341701534170226
2 0.6714731952464931 0.8089260808926082 0.10787602153140391 0.08647140864714074
2 0.5828607489885542 0.5955369595536959 0.10017059142201795 0.06136680613668069
2 0.3643567666009659 0.794281729428173 0.08365895547333352 0.057182705718270485
2 0.31482185875491314 0.8375174337517433 0.09026360985280725 0.05439330543933053
2 0.2944575077515359 0.9225941422594142 0.08696128266307046 0.048814504881450345
2 0.22565902463201815 0.9609483960948395 0.08806205839298269 0.05578800557880058
2 0.34839551851723777 0.36541143654114366 0.08916283412289498 0.05578800557880058
2 0.2972094470763166 0.36331938633193855 0.08586050693315808 0.08228730822873082
2 0.16346519589197414 0.2629009762900976 0.09136438558271955 0.06276150627615064
2 0.16511635948684258 0.4365411436541144 0.09466671277245642 0.06694560669456066
2 0.17172101386631627 0.7622036262203626 0.09686826423228098 0.059972105997210576
2 0.09246516131263181 0.7001394700139469 0.09246516131263181 0.06136680613668062
2 0.023666678193114098 0.6715481171548114 0.04513180492640363 0.05439330543933053
2 0.031372108302500076 0.7524407252440725 0.06274421660500015 0.05439330543933092
